token_id	speaker	tu_id	id	span	form	lemma	upos	xpos	feats	deprel	type	meta_label	variation	jefferson_feats	align	prolongations	pace	guesses	overlaps
0-0	PST211	0	0	ci	ci	_	_	_	_	_	linguistic	_	ContainsVariation=No	_	Begin=2.92	_	_	_	_
0-1	PST211	0	1	siete?	siete	_	_	_	_	_	linguistic	_	ContainsVariation=No	Intonation=Rising	End=3.42	_	_	_	_
1-0	PST203	1	0	okay	okay	_	_	_	_	_	linguistic	_	ContainsVariation=No	_	Begin=3.58	_	_	_	_
1-1	PST203	1	1	allora	allora	_	_	_	_	_	linguistic	_	ContainsVariation=No	_	_	_	_	_	_
1-2	PST203	1	2	chi	chi	_	_	_	_	_	linguistic	_	ContainsVariation=No	_	_	_	_	_	_
1-3	PST203	1	3	ci	ci	_	_	_	_	_	linguistic	_	ContainsVariation=No	_	_	_	_	_	_
1-4	PST203	1	4	manca	manca	_	_	_	_	_	linguistic	_	ContainsVariation=No	_	_	_	_	_	_
1-5	PST203	1	5	@mirela	@mirela	_	_	_	_	_	anonymized	_	ContainsVariation=No	Anonymized=Yes	_	_	_	_	_
1-6	PST203	1	6	[ci	ci	_	_	_	_	_	linguistic	_	ContainsVariation=No	_	_	_	_	_	0-2(0)
1-7	PST203	1	7	manca	manca	_	_	_	_	_	linguistic	_	ContainsVariation=No	_	_	_	_	_	0-5(0)
1-8	PST203	1	8	@noemi]	@noemi	_	_	_	_	_	anonymized	_	ContainsVariation=No	Anonymized=Yes	End=7.52	_	_	_	0-6(0)
2-0	PST211	2	0	[e::hm	ehm	_	_	_	_	_	linguistic	_	ContainsVariation=No	_	Begin=5.74	0x2	_	_	0-3(0)
2-1	PST211	2	1	@noemi	@noemi	_	_	_	_	_	anonymized	_	ContainsVariation=No	Anonymized=Yes	_	_	_	_	0-6(0)
2-2	PST211	2	2	che	che	_	_	_	_	_	linguistic	_	ContainsVariation=No	_	_	_	_	_	0-3(0)
2-3	PST211	2	3	è	è	_	_	_	_	_	linguistic	_	ContainsVariation=No	_	_	_	_	_	0-1(0)
2-4	PST211	2	4	in	in	_	_	_	_	_	linguistic	_	ContainsVariation=No	_	_	_	_	_	0-2(0)
2-5	PST211	2	5	bagno]	bagno	_	_	_	_	_	linguistic	_	ContainsVariation=No	_	End=7.55	_	_	_	0-5(0)
3-0	PST203	3	0	okay	okay	_	_	_	_	_	linguistic	_	ContainsVariation=No	_	Begin=7.86	_	_	_	_
3-1	PST203	3	1	aspettiamo	aspettiamo	_	_	_	_	_	linguistic	_	ContainsVariation=No	_	_	_	_	_	_
3-2	PST203	3	2	@noemi	@noemi	_	_	_	_	_	anonymized	_	ContainsVariation=No	Anonymized=Yes	_	_	_	_	_
3-3	PST203	3	3	che	che	_	_	_	_	_	linguistic	_	ContainsVariation=No	_	_	_	_	_	_
3-4	PST203	3	4	è	è	_	_	_	_	_	linguistic	_	ContainsVariation=No	_	_	_	_	_	_
3-5	PST203	3	5	in	in	_	_	_	_	_	linguistic	_	ContainsVariation=No	_	_	_	_	_	_
3-6	PST203	3	6	bagno,	bagno	_	_	_	_	_	linguistic	_	ContainsVariation=No	Intonation=WeaklyRising	End=9.8	_	_	_	_
4-0	PST203	4	0	adesso	adesso	_	_	_	_	_	linguistic	_	ContainsVariation=No	_	Begin=11.71	_	_	_	_
4-1	PST203	4	1	ovviamente	ovviamente	_	_	_	_	_	linguistic	_	ContainsVariation=No	_	_	_	_	_	_
4-2	PST203	4	2	indovinate	indovinate	_	_	_	_	_	linguistic	_	ContainsVariation=No	_	_	_	_	_	_
4-3	PST203	4	3	un	un	_	_	_	_	_	linguistic	_	ContainsVariation=No	_	_	_	_	_	_
4-4	PST203	4	4	po'	po'	_	_	_	_	_	linguistic	_	ContainsVariation=No	_	_	_	_	_	_
4-5	PST203	4	5	cosa	cosa	_	_	_	_	_	linguistic	_	ContainsVariation=No	_	_	_	_	_	_
4-6	PST203	4	6	faremo	faremo	_	_	_	_	_	linguistic	_	ContainsVariation=No	_	End=14.36	_	_	_	_
5-0	PST203	5	0	ci	ci	_	_	_	_	_	linguistic	_	ContainsVariation=No	_	Begin=14.79	_	_	_	_
5-1	PST203	5	1	racconteremo	racconteremo	_	_	_	_	_	linguistic	_	ContainsVariation=No	_	_	_	_	_	_
5-2	PST203	5	2	ogni	ogni	_	_	_	_	_	linguistic	_	ContainsVariation=No	_	_	_	_	_	_
5-3	PST203	5	3	gruppo	gruppo	_	_	_	_	_	linguistic	_	ContainsVariation=No	_	_	_	_	_	_
5-4	PST203	5	4	racconterà	racconterà	_	_	_	_	_	linguistic	_	ContainsVariation=No	_	_	_	_	_	_
5-5	PST203	5	5	all'	all'	_	_	_	_	_	linguistic	_	ContainsVariation=No	SpaceAfter=No	_	_	_	_	_
5-6	PST203	5	6	altro,	altro	_	_	_	_	_	linguistic	_	ContainsVariation=No	Intonation=WeaklyRising	End=18.15	_	_	_	_
6-0	PST203	6	0	più	più	_	_	_	_	_	linguistic	_	ContainsVariation=No	_	Begin=18.76	_	_	_	_
6-1	PST203	6	1	o	o	_	_	_	_	_	linguistic	_	ContainsVariation=No	_	_	_	_	_	_
6-2	PST203	6	2	meno	meno	_	_	_	_	_	linguistic	_	ContainsVariation=No	_	_	_	_	_	_
6-3	PST203	6	3	a	a	_	_	_	_	_	linguistic	_	ContainsVariation=No	_	_	_	_	_	_
6-4	PST203	6	4	quello	quello	_	_	_	_	_	linguistic	_	ContainsVariation=No	_	_	_	_	_	_
6-5	PST203	6	5	che	che	_	_	_	_	_	linguistic	_	ContainsVariation=No	_	_	_	_	_	_
6-6	PST203	6	6	avete	avete	_	_	_	_	_	linguistic	_	ContainsVariation=No	_	_	_	_	_	_
6-7	PST203	6	7	pensato	pensato	_	_	_	_	_	linguistic	_	ContainsVariation=No	_	_	_	_	_	_
6-8	PST203	6	8	alcune	alcune	_	_	_	_	_	linguistic	_	ContainsVariation=No	_	_	_	_	_	_
6-9	PST203	6	9	cose	cose	_	_	_	_	_	linguistic	_	ContainsVariation=No	_	_	_	_	_	_
6-10	PST203	6	10	saranno	saranno	_	_	_	_	_	linguistic	_	ContainsVariation=No	_	_	_	_	_	_
6-11	PST203	6	11	in	in	_	_	_	_	_	linguistic	_	ContainsVariation=No	_	_	_	_	_	_
6-12	PST203	6	12	comu~	comu~	_	_	_	_	_	linguistic	_	ContainsVariation=No	Interrupted=Yes	_	_	_	_	_
6-13	PST203	6	13	tanto	tanto	_	_	_	_	_	linguistic	_	ContainsVariation=No	_	_	_	_	_	_
6-14	PST203	6	14	siete	siete	_	_	_	_	_	linguistic	_	ContainsVariation=No	_	_	_	_	_	_
6-15	PST203	6	15	sempre	sempre	_	_	_	_	_	linguistic	_	ContainsVariation=No	_	_	_	_	_	_
6-16	PST203	6	16	voi	voi	_	_	_	_	_	linguistic	_	ContainsVariation=No	_	_	_	_	_	_
6-17	PST203	6	17	non	non	_	_	_	_	_	linguistic	_	ContainsVariation=No	_	_	_	_	_	_
6-18	PST203	6	18	è	è	_	_	_	_	_	linguistic	_	ContainsVariation=No	_	_	_	_	_	_
6-19	PST203	6	19	che	che	_	_	_	_	_	linguistic	_	ContainsVariation=No	_	_	_	_	_	_
6-20	PST203	6	20	ehm	ehm	_	_	_	_	_	linguistic	_	ContainsVariation=No	_	_	_	_	_	_
6-21	PST203	6	21	[le	le	_	_	_	_	_	linguistic	_	ContainsVariation=No	_	_	_	_	_	0-2(1)
6-22	PST203	6	22	farà]	farà	_	_	_	_	_	linguistic	_	ContainsVariation=No	_	_	_	_	_	0-4(1)
6-23	PST203	6	23	altra	altra	_	_	_	_	_	linguistic	_	ContainsVariation=No	_	_	_	_	_	_
6-24	PST203	6	24	gente	gente	_	_	_	_	_	linguistic	_	ContainsVariation=No	_	End=24.44	_	_	_	_
7-0	PST092	7	0	[sì	sì	_	_	_	_	_	linguistic	_	ContainsVariation=No	_	Begin=23.57	_	_	_	0-2(1)
7-1	PST092	7	1	sì]	sì	_	_	_	_	_	linguistic	_	ContainsVariation=No	_	End=24.09	_	_	_	0-2(1)
8-0	PST203	8	0	quindi	quindi	_	_	_	_	_	linguistic	_	ContainsVariation=No	_	Begin=24.44	_	_	_	_
8-1	PST203	8	1	alcune	alcune	_	_	_	_	_	linguistic	_	ContainsVariation=No	_	_	_	_	_	_
8-2	PST203	8	2	cose	cose	_	_	_	_	_	linguistic	_	ContainsVariation=No	_	_	_	_	_	_
8-3	PST203	8	3	saranno	saranno	_	_	_	_	_	linguistic	_	ContainsVariation=No	_	_	_	_	_	_
8-4	PST203	8	4	in	in	_	_	_	_	_	linguistic	_	ContainsVariation=No	_	_	_	_	_	_
8-5	PST203	8	5	comune	comune	_	_	_	_	_	linguistic	_	ContainsVariation=No	_	_	_	_	_	_
8-6	PST203	8	6	altre:	altre	_	_	_	_	_	linguistic	_	ContainsVariation=No	PauseAfter=Yes	_	4x1	_	_	_
8-7	PST203	8	7	(.)	(.)	_	_	_	_	_	shortpause	_	ContainsVariation=No	_	_	_	_	_	_
8-8	PST203	8	8	saranno:	saranno	_	_	_	_	_	linguistic	_	ContainsVariation=No	_	_	6x1	_	_	_
8-9	PST203	8	9	insomma	insomma	_	_	_	_	_	linguistic	_	ContainsVariation=No	_	End=28.58	_	_	_	_
9-0	PST203	9	0	ci	ci	_	_	_	_	_	linguistic	_	ContainsVariation=No	_	Begin=28.7	_	_	_	_
9-1	PST203	9	1	ridivideremo	ridivideremo	_	_	_	_	_	linguistic	_	ContainsVariation=No	_	End=30.01	_	_	_	_
10-0	PST203	10	0	okay?	okay	_	_	_	_	_	linguistic	_	ContainsVariation=No	Intonation=Rising	Begin=30.09|End=30.54	_	_	_	_
11-0	PST203	11	0	allora	allora	_	_	_	_	_	linguistic	_	ContainsVariation=No	_	Begin=31.21	_	_	_	_
11-1	PST203	11	1	aspettiamo	aspettiamo	_	_	_	_	_	linguistic	_	ContainsVariation=No	_	_	_	_	_	_
11-2	PST203	11	2	solo	solo	_	_	_	_	_	linguistic	_	ContainsVariation=No	_	_	_	_	_	_
11-3	PST203	11	3	che	che	_	_	_	_	_	linguistic	_	ContainsVariation=No	_	_	_	_	_	_
11-4	PST203	11	4	arrivino	arrivino	_	_	_	_	_	linguistic	_	ContainsVariation=No	_	End=33.31	_	_	_	_
12-0	PST203	12	0	no	no	_	_	_	_	_	linguistic	_	ContainsVariation=No	_	Begin=35.885|End=36.095	_	_	_	_
13-0	PST203	13	0	lo	lo	_	_	_	_	_	linguistic	_	ContainsVariation=No	_	Begin=37.02	_	_	_	_
13-1	PST203	13	1	finite	finite	_	_	_	_	_	linguistic	_	ContainsVariation=No	_	End=37.92	_	_	_	_
14-0	PST203	14	0	non	non	_	_	_	_	_	linguistic	_	ContainsVariation=No	_	Begin=38.19	_	_	_	_
14-1	PST203	14	1	adesso:	adesso	_	_	_	_	_	linguistic	_	ContainsVariation=No	_	_	5x1	_	_	_
14-2	PST203	14	2	la	la	_	_	_	_	_	linguistic	_	ContainsVariation=No	_	_	_	_	_	_
14-3	PST203	14	3	[prossima	prossima	_	_	_	_	_	linguistic	_	ContainsVariation=No	_	_	_	_	_	0-8(2)
14-4	PST203	14	4	volta	volta	_	_	_	_	_	linguistic	_	ContainsVariation=No	PauseAfter=Yes	_	_	_	_	0-5(2)
14-5	PST203	14	5	(.)	(.)	_	_	_	_	_	shortpause	_	ContainsVariation=No	_	_	_	_	_	X(2)
14-6	PST203	14	6	durante]	durante	_	_	_	_	_	linguistic	_	ContainsVariation=No	_	_	_	_	_	0-7(2)
14-7	PST203	14	7	la	la	_	_	_	_	_	linguistic	_	ContainsVariation=No	_	_	_	_	_	_
14-8	PST203	14	8	settimana:	settimana	_	_	_	_	_	linguistic	_	ContainsVariation=No	_	End=42.45	8x1	_	_	_
15-0	PST211	15	0	[dite	dite	_	_	_	_	_	linguistic	_	ContainsVariation=No	_	Begin=39.47	_	_	_	0-4(2)
15-1	PST211	15	1	la	la	_	_	_	_	_	linguistic	_	ContainsVariation=No	_	_	_	_	_	0-2(2)
15-2	PST211	15	2	vostra	vostra	_	_	_	_	_	linguistic	_	ContainsVariation=No	_	_	_	_	_	0-6(2)
15-3	PST211	15	3	idea	idea	_	_	_	_	_	linguistic	_	ContainsVariation=No	_	_	_	_	_	0-4(2)
15-4	PST211	15	4	dite	dite	_	_	_	_	_	linguistic	_	ContainsVariation=No	_	_	_	_	_	0-4(2)
15-5	PST211	15	5	mh:]	mh	_	_	_	_	_	linguistic	_	ContainsVariation=No	_	End=41.56	1x1	_	_	0-2(2)
16-0	PST211	16	0	ma	ma	_	_	_	_	_	linguistic	_	ContainsVariation=No	_	Begin=42.84	_	_	_	_
16-1	PST211	16	1	avete	avete	_	_	_	_	_	linguistic	_	ContainsVariation=No	_	_	_	_	_	_
16-2	PST211	16	2	anche	anche	_	_	_	_	_	linguistic	_	ContainsVariation=No	_	_	_	_	_	_
16-3	PST211	16	3	quello	quello	_	_	_	_	_	linguistic	_	ContainsVariation=No	_	_	_	_	_	_
16-4	PST211	16	4	con	con	_	_	_	_	_	linguistic	_	ContainsVariation=No	_	_	_	_	_	_
16-5	PST211	16	5	i	i	_	_	_	_	_	linguistic	_	ContainsVariation=No	_	_	_	_	_	_
16-6	PST211	16	6	ruoli?	ruoli	_	_	_	_	_	linguistic	_	ContainsVariation=No	Intonation=Rising	End=44.74	_	_	_	_
17-0	PST092	17	0	no	no	_	_	_	_	_	linguistic	_	ContainsVariation=No	_	Begin=45.01|End=45.26	_	_	_	_
18-0	PST211	18	0	voi?	voi	_	_	_	_	_	linguistic	_	ContainsVariation=No	Intonation=Rising	Begin=45.28|End=45.73	_	_	_	_
19-0	PST203	19	0	no	no	_	_	_	_	_	linguistic	_	ContainsVariation=No	_	Begin=45.77	_	_	_	_
19-1	PST203	19	1	i	i	_	_	_	_	_	linguistic	_	ContainsVariation=No	_	_	_	_	_	_
19-2	PST203	19	2	ruoli	ruoli	_	_	_	_	_	linguistic	_	ContainsVariation=No	_	_	_	_	_	_
19-3	PST203	19	3	loro	loro	_	_	_	_	_	linguistic	_	ContainsVariation=No	_	_	_	_	_	_
19-4	PST203	19	4	non	non	_	_	_	_	_	linguistic	_	ContainsVariation=No	_	_	_	_	_	_
19-5	PST203	19	5	li	li	_	_	_	_	_	linguistic	_	ContainsVariation=No	_	_	_	_	_	_
19-6	PST203	19	6	han	han	_	_	_	_	_	linguistic	_	ContainsVariation=No	_	_	_	_	_	_
19-7	PST203	19	7	[fatti]	fatti	_	_	_	_	_	linguistic	_	ContainsVariation=No	_	End=47.49	_	_	_	0-5(3)
20-0	PST211	20	0	[ah	ah	_	_	_	_	_	linguistic	_	ContainsVariation=No	_	Begin=47.1	_	_	_	0-2(3)
20-1	PST211	20	1	okay]	okay	_	_	_	_	_	linguistic	_	ContainsVariation=No	_	End=47.84	_	_	_	0-4(3)
21-0	PST203	21	0	incominciate	incominciate	_	_	_	_	_	linguistic	_	ContainsVariation=No	_	Begin=47.85	_	_	_	_
21-1	PST203	21	1	a	a	_	_	_	_	_	linguistic	_	ContainsVariation=No	_	_	_	_	_	_
21-2	PST203	21	2	fare	fare	_	_	_	_	_	linguistic	_	ContainsVariation=No	_	_	_	_	_	_
21-3	PST203	21	3	i	i	_	_	_	_	_	linguistic	_	ContainsVariation=No	_	_	_	_	_	_
21-4	PST203	21	4	ruoli	ruoli	_	_	_	_	_	linguistic	_	ContainsVariation=No	_	End=49.35	_	_	_	_
22-0	PST211	22	0	pensa:::	pensa	_	_	_	_	_	linguistic	_	ContainsVariation=No	_	Begin=49.36|End=50.76	4x3	_	_	_
23-0	PST203	23	0	allora	allora	_	_	_	_	_	linguistic	_	ContainsVariation=No	_	Begin=51.52	_	_	_	_
23-1	PST203	23	1	tan~	tan~	_	_	_	_	_	linguistic	_	ContainsVariation=No	Interrupted=Yes	_	_	_	_	_
23-2	PST203	23	2	comincia	comincia	_	_	_	_	_	linguistic	_	ContainsVariation=No	_	_	_	_	_	_
23-3	PST203	23	3	a	a	_	_	_	_	_	linguistic	_	ContainsVariation=No	_	_	_	_	_	_
23-4	PST203	23	4	dire	dire	_	_	_	_	_	linguistic	_	ContainsVariation=No	_	_	_	_	_	_
23-5	PST203	23	5	questa	questa	_	_	_	_	_	linguistic	_	ContainsVariation=No	_	_	_	_	_	_
23-6	PST203	23	6	[cosa]	cosa	_	_	_	_	_	linguistic	_	ContainsVariation=No	_	End=53.51	_	_	_	0-4(4)
24-0	PST211	24	0	[ah	ah	_	_	_	_	_	linguistic	_	ContainsVariation=No	_	Begin=53.27	_	_	_	0-2(4)
24-1	PST211	24	1	sì]	sì	_	_	_	_	_	linguistic	_	ContainsVariation=No	_	_	_	_	_	0-2(4)
24-2	PST211	24	2	sullo	sullo	_	_	_	_	_	linguistic	_	ContainsVariation=No	_	_	_	_	_	_
24-3	PST211	24	3	stesso	stesso	_	_	_	_	_	linguistic	_	ContainsVariation=No	_	_	_	_	_	_
24-4	PST211	24	4	va	va	_	_	_	_	_	linguistic	_	ContainsVariation=No	_	_	_	_	_	_
24-5	PST211	24	5	bene	bene	_	_	_	_	_	linguistic	_	ContainsVariation=No	_	_	_	_	_	_
24-6	PST211	24	6	sì	sì	_	_	_	_	_	linguistic	_	ContainsVariation=No	_	_	_	_	_	_
24-7	PST211	24	7	[tanto]	tanto	_	_	_	_	_	linguistic	_	ContainsVariation=No	_	End=55.65	_	_	_	0-5(5)
25-0	PST203	25	0	[adesso]	adesso	_	_	_	_	_	linguistic	_	ContainsVariation=No	_	Begin=55.23	_	_	_	0-6(5)
25-1	PST203	25	1	non	non	_	_	_	_	_	linguistic	_	ContainsVariation=No	_	_	_	_	_	_
25-2	PST203	25	2	so	so	_	_	_	_	_	linguistic	_	ContainsVariation=No	_	_	_	_	_	_
25-3	PST203	25	3	se	se	_	_	_	_	_	linguistic	_	ContainsVariation=No	_	_	_	_	_	_
25-4	PST203	25	4	è	è	_	_	_	_	_	linguistic	_	ContainsVariation=No	_	_	_	_	_	_
25-5	PST203	25	5	successo	successo	_	_	_	_	_	linguistic	_	ContainsVariation=No	_	_	_	_	_	_
25-6	PST203	25	6	di	di	_	_	_	_	_	linguistic	_	ContainsVariation=No	_	_	_	_	_	_
25-7	PST203	25	7	qua	qua	_	_	_	_	_	linguistic	_	ContainsVariation=No	_	_	_	_	_	_
25-8	PST203	25	8	o	o	_	_	_	_	_	linguistic	_	ContainsVariation=No	_	_	_	_	_	_
25-9	PST203	25	9	di	di	_	_	_	_	_	linguistic	_	ContainsVariation=No	_	_	_	_	_	_
25-10	PST203	25	10	là	là	_	_	_	_	_	linguistic	_	ContainsVariation=No	_	End=57.285	_	_	_	_
26-0	PST203	26	0	tante	tante	_	_	_	_	_	linguistic	_	ContainsVariation=No	_	Begin=57.69	_	_	_	_
26-1	PST203	26	1	persone	persone	_	_	_	_	_	linguistic	_	ContainsVariation=No	_	_	_	_	_	_
26-2	PST203	26	2	soprattutto	soprattutto	_	_	_	_	_	linguistic	_	ContainsVariation=No	_	_	_	_	_	_
26-3	PST203	26	3	sul	sul	_	_	_	_	_	linguistic	_	ContainsVariation=No	_	_	_	_	_	_
26-4	PST203	26	4	pensare	pensare	_	_	_	_	_	linguistic	_	ContainsVariation=No	_	_	_	_	_	_
26-5	PST203	26	5	le	le	_	_	_	_	_	linguistic	_	ContainsVariation=No	_	_	_	_	_	_
26-6	PST203	26	6	inquadrature	inquadrature	_	_	_	_	_	linguistic	_	ContainsVariation=No	_	_	_	_	_	_
26-7	PST203	26	7	pensare	pensare	_	_	_	_	_	linguistic	_	ContainsVariation=No	_	_	_	_	_	_
26-8	PST203	26	8	come	come	_	_	_	_	_	linguistic	_	ContainsVariation=No	_	_	_	_	_	_
26-9	PST203	26	9	lavorare	lavorare	_	_	_	_	_	linguistic	_	ContainsVariation=No	PauseAfter=Yes	_	_	_	_	_
26-10	PST203	26	10	(.)	(.)	_	_	_	_	_	shortpause	_	ContainsVariation=No	_	_	_	_	_	_
26-11	PST203	26	11	non	non	_	_	_	_	_	linguistic	_	ContainsVariation=No	_	_	_	_	_	_
26-12	PST203	26	12	avete	avete	_	_	_	_	_	linguistic	_	ContainsVariation=No	_	_	_	_	_	_
26-13	PST203	26	13	tenuto	tenuto	_	_	_	_	_	linguistic	_	ContainsVariation=No	_	_	_	_	_	_
26-14	PST203	26	14	conto	conto	_	_	_	_	_	linguistic	_	ContainsVariation=No	_	_	_	_	_	_
26-15	PST203	26	15	ma	ma	_	_	_	_	_	linguistic	_	ContainsVariation=No	_	_	_	_	_	_
26-16	PST203	26	16	giustamente	giustamente	_	_	_	_	_	linguistic	_	ContainsVariation=No	_	_	_	_	_	_
26-17	PST203	26	17	perché	perché	_	_	_	_	_	linguistic	_	ContainsVariation=No	_	_	_	_	_	_
26-18	PST203	26	18	non	non	_	_	_	_	_	linguistic	_	ContainsVariation=No	_	_	_	_	_	_
26-19	PST203	26	19	ci	ci	_	_	_	_	_	linguistic	_	ContainsVariation=No	_	_	_	_	_	_
26-20	PST203	26	20	siamo	siamo	_	_	_	_	_	linguistic	_	ContainsVariation=No	_	_	_	_	_	_
26-21	PST203	26	21	arrivati	arrivati	_	_	_	_	_	linguistic	_	ContainsVariation=No	_	_	_	_	_	_
26-22	PST203	26	22	che	che	_	_	_	_	_	linguistic	_	ContainsVariation=No	_	_	_	_	_	_
26-23	PST203	26	23	esiste	esiste	_	_	_	_	_	linguistic	_	ContainsVariation=No	_	_	_	_	_	_
26-24	PST203	26	24	il	il	_	_	_	_	_	linguistic	_	ContainsVariation=No	_	_	_	_	_	_
26-25	PST203	26	25	montaggio	montaggio	_	_	_	_	_	linguistic	_	ContainsVariation=No	_	_	_	_	_	_
26-26	PST203	26	26	quindi	quindi	_	_	_	_	_	linguistic	_	ContainsVariation=No	_	End=68.04	_	_	_	_
27-0	PST203	27	0	non	non	_	_	_	_	_	linguistic	_	ContainsVariation=No	_	Begin=68.22	_	_	_	_
27-1	PST203	27	1	[è	è	_	_	_	_	_	linguistic	_	ContainsVariation=No	_	_	_	_	_	0-1(6)
27-2	PST203	27	2	che]	che	_	_	_	_	_	linguistic	_	ContainsVariation=No	_	_	_	_	_	0-3(6)
27-3	PST203	27	3	cioè	cioè	_	_	_	_	_	linguistic	_	ContainsVariation=No	_	_	_	_	_	_
27-4	PST203	27	4	se	se	_	_	_	_	_	linguistic	_	ContainsVariation=No	_	_	_	_	_	_
27-5	PST203	27	5	tu	tu	_	_	_	_	_	linguistic	_	ContainsVariation=No	_	_	_	_	_	_
27-6	PST203	27	6	vuoi	vuoi	_	_	_	_	_	linguistic	_	ContainsVariation=No	_	_	_	_	_	_
27-7	PST203	27	7	fare	fare	_	_	_	_	_	linguistic	_	ContainsVariation=No	_	_	_	_	_	_
27-8	PST203	27	8	una	una	_	_	_	_	_	linguistic	_	ContainsVariation=No	_	_	_	_	_	_
27-9	PST203	27	9	scena	scena	_	_	_	_	_	linguistic	_	ContainsVariation=No	_	_	_	_	_	_
27-10	PST203	27	10	di	di	_	_	_	_	_	linguistic	_	ContainsVariation=No	_	_	_	_	_	_
27-11	PST203	27	11	una	una	_	_	_	_	_	linguistic	_	ContainsVariation=No	_	_	_	_	_	_
27-12	PST203	27	12	persona	persona	_	_	_	_	_	linguistic	_	ContainsVariation=No	_	_	_	_	_	_
27-13	PST203	27	13	che	che	_	_	_	_	_	linguistic	_	ContainsVariation=No	_	_	_	_	_	_
27-14	PST203	27	14	balla	balla	_	_	_	_	_	linguistic	_	ContainsVariation=No	_	_	_	_	_	_
27-15	PST203	27	15	e	e	_	_	_	_	_	linguistic	_	ContainsVariation=No	_	_	_	_	_	_
27-16	PST203	27	16	poi	poi	_	_	_	_	_	linguistic	_	ContainsVariation=No	_	_	_	_	_	_
27-17	PST203	27	17	un'	un'	_	_	_	_	_	linguistic	_	ContainsVariation=No	SpaceAfter=No	_	_	_	_	_
27-18	PST203	27	18	altra	altra	_	_	_	_	_	linguistic	_	ContainsVariation=No	_	_	_	_	_	_
27-19	PST203	27	19	persona	persona	_	_	_	_	_	linguistic	_	ContainsVariation=No	_	_	_	_	_	_
27-20	PST203	27	20	che	che	_	_	_	_	_	linguistic	_	ContainsVariation=No	_	_	_	_	_	_
27-21	PST203	27	21	ti	ti	_	_	_	_	_	linguistic	_	ContainsVariation=No	_	_	_	_	_	_
27-22	PST203	27	22	spiega	spiega	_	_	_	_	_	linguistic	_	ContainsVariation=No	_	_	_	_	_	_
27-23	PST203	27	23	cosa	cosa	_	_	_	_	_	linguistic	_	ContainsVariation=No	_	_	_	_	_	_
27-24	PST203	27	24	stai	stai	_	_	_	_	_	linguistic	_	ContainsVariation=No	_	_	_	_	_	_
27-25	PST203	27	25	vedendo	vedendo	_	_	_	_	_	linguistic	_	ContainsVariation=No	_	_	_	_	_	_
27-26	PST203	27	26	quindi	quindi	_	_	_	_	_	linguistic	_	ContainsVariation=No	_	End=76.53	_	_	_	_
28-0	PST085	28	0	[@noemi]	@noemi	_	_	_	_	_	anonymized	_	ContainsVariation=No	Anonymized=Yes	Begin=68.53|End=69.56	_	_	_	0-6(6)
29-0	PST203	29	0	attraverso	attraverso	_	_	_	_	_	linguistic	_	ContainsVariation=No	_	Begin=76.58	_	_	_	_
29-1	PST203	29	1	un'	un'	_	_	_	_	_	linguistic	_	ContainsVariation=No	SpaceAfter=No	_	_	_	_	_
29-2	PST203	29	2	intervista	intervista	_	_	_	_	_	linguistic	_	ContainsVariation=No	PauseAfter=Yes	_	_	_	_	_
29-3	PST203	29	3	(.)	(.)	_	_	_	_	_	shortpause	_	ContainsVariation=No	_	_	_	_	_	_
29-4	PST203	29	4	non	non	_	_	_	_	_	linguistic	_	ContainsVariation=No	_	_	_	_	_	_
29-5	PST203	29	5	lo	lo	_	_	_	_	_	linguistic	_	ContainsVariation=No	_	_	_	_	_	_
29-6	PST203	29	6	devi	devi	_	_	_	_	_	linguistic	_	ContainsVariation=No	_	_	_	_	_	_
29-7	PST203	29	7	fare	fare	_	_	_	_	_	linguistic	_	ContainsVariation=No	_	_	_	_	_	_
29-8	PST203	29	8	nello	nello	_	_	_	_	_	linguistic	_	ContainsVariation=No	_	_	_	_	_	_
29-9	PST203	29	9	stesso	stesso	_	_	_	_	_	linguistic	_	ContainsVariation=No	_	_	_	_	_	_
29-10	PST203	29	10	momento	momento	_	_	_	_	_	linguistic	_	ContainsVariation=No	_	_	_	_	_	_
29-11	PST203	29	11	lo	lo	_	_	_	_	_	linguistic	_	ContainsVariation=No	_	_	_	_	_	_
29-12	PST203	29	12	puoi	puoi	_	_	_	_	_	linguistic	_	ContainsVariation=No	_	_	_	_	_	_
29-13	PST203	29	13	fare	fare	_	_	_	_	_	linguistic	_	ContainsVariation=No	_	_	_	_	_	_
29-14	PST203	29	14	in	in	_	_	_	_	_	linguistic	_	ContainsVariation=No	_	_	_	_	_	_
29-15	PST203	29	15	due	due	_	_	_	_	_	linguistic	_	ContainsVariation=No	_	_	_	_	_	_
29-16	PST203	29	16	momenti	momenti	_	_	_	_	_	linguistic	_	ContainsVariation=No	_	_	_	_	_	_
29-17	PST203	29	17	diversi	diversi	_	_	_	_	_	linguistic	_	ContainsVariation=No	PauseAfter=Yes	_	_	_	_	_
29-18	PST203	29	18	(.)	(.)	_	_	_	_	_	shortpause	_	ContainsVariation=No	_	_	_	_	_	_
29-19	PST203	29	19	e	e	_	_	_	_	_	linguistic	_	ContainsVariation=No	_	_	_	_	_	_
29-20	PST203	29	20	poi	poi	_	_	_	_	_	linguistic	_	ContainsVariation=No	_	_	_	_	_	_
29-21	PST203	29	21	col	col	_	_	_	_	_	linguistic	_	ContainsVariation=No	_	_	_	_	_	_
29-22	PST203	29	22	montaggio,	montaggio	_	_	_	_	_	linguistic	_	ContainsVariation=No	Intonation=WeaklyRising	End=84.47	_	_	_	_
30-0	PST203	30	0	fai	fai	_	_	_	_	_	linguistic	_	ContainsVariation=No	_	Begin=84.95	_	_	_	_
30-1	PST203	30	1	dialogare	dialogare	_	_	_	_	_	linguistic	_	ContainsVariation=No	_	_	_	_	_	_
30-2	PST203	30	2	questi	questi	_	_	_	_	_	linguistic	_	ContainsVariation=No	_	_	_	_	_	_
30-3	PST203	30	3	due	due	_	_	_	_	_	linguistic	_	ContainsVariation=No	_	_	_	_	_	_
30-4	PST203	30	4	momenti	momenti	_	_	_	_	_	linguistic	_	ContainsVariation=No	_	End=87.3	_	_	_	_
31-0	PST203	31	0	okay?	okay	_	_	_	_	_	linguistic	_	ContainsVariation=No	Intonation=Rising	Begin=87.45|End=87.87	_	_	_	_
32-0	PST083	32	0	sì	sì	_	_	_	_	_	linguistic	_	ContainsVariation=No	_	Begin=87.88|End=88.19	_	_	_	_
33-0	PST203	33	0	[cioè]	cioè	_	_	_	_	_	linguistic	_	ContainsVariation=No	_	Begin=88.13|End=88.57	_	_	_	0-4(8)
34-0	PST093	34	0	[anzi]	anzi	_	_	_	_	_	linguistic	_	ContainsVariation=No	_	Begin=88.235	_	_	_	0-4(8)
34-1	PST093	34	1	@noemi	@noemi	_	_	_	_	_	anonymized	_	ContainsVariation=No	Anonymized=Yes	End=89.195	_	_	_	_
35-0	PST093	35	0	cioè	cioè	_	_	_	_	_	linguistic	_	ContainsVariation=No	_	Begin=89.69	_	_	_	_
35-1	PST093	35	1	non	non	_	_	_	_	_	linguistic	_	ContainsVariation=No	_	_	_	_	_	_
35-2	PST093	35	2	@noemi	@noemi	_	_	_	_	_	anonymized	_	ContainsVariation=No	Anonymized=Yes	End=90.61	_	_	_	_
36-0	PST085	36	0	@noemi	@noemi	_	_	_	_	_	anonymized	_	ContainsVariation=No	Anonymized=Yes	Begin=90.62|End=91.22	_	_	_	_
37-0	PST093	37	0	@ilaria	@ilaria	_	_	_	_	_	anonymized	_	ContainsVariation=No	Anonymized=Yes	Begin=91.26|End=91.81	_	_	_	_
38-0	PST203	38	0	[va	va	_	_	_	_	_	linguistic	_	ContainsVariation=No	_	Begin=91.63	_	_	_	0-2(54)
38-1	PST203	38	1	bene]	bene	_	_	_	_	_	linguistic	_	ContainsVariation=No	_	End=92.29	_	_	_	0-4(54)
39-0	PST092	39	0	[son	son	_	_	_	_	_	linguistic	_	ContainsVariation=No	_	Begin=91.75	_	_	_	0-3(54)
39-1	PST092	39	1	dietro]	dietro	_	_	_	_	_	linguistic	_	ContainsVariation=No	_	_	_	_	_	0-6(54)
39-2	PST092	39	2	di	di	_	_	_	_	_	linguistic	_	ContainsVariation=No	_	_	_	_	_	_
39-3	PST092	39	3	te	te	_	_	_	_	_	linguistic	_	ContainsVariation=No	_	End=92.61	_	_	_	_
40-0	PST203	40	0	dai	dai	_	_	_	_	_	linguistic	_	ContainsVariation=No	_	Begin=93.16	_	_	_	_
40-1	PST203	40	1	allora	allora	_	_	_	_	_	linguistic	_	ContainsVariation=No	_	_	_	_	_	_
40-2	PST203	40	2	facciamo	facciamo	_	_	_	_	_	linguistic	_	ContainsVariation=No	_	_	_	_	_	_
40-3	PST203	40	3	solo	solo	_	_	_	_	_	linguistic	_	ContainsVariation=No	_	_	_	_	_	_
40-4	PST203	40	4	un'	un'	_	_	_	_	_	linguistic	_	ContainsVariation=No	SpaceAfter=No	_	_	_	_	_
40-5	PST203	40	5	attimo	attimo	_	_	_	_	_	linguistic	_	ContainsVariation=No	_	_	_	_	_	_
40-6	PST203	40	6	questa	questa	_	_	_	_	_	linguistic	_	ContainsVariation=No	_	_	_	_	_	_
40-7	PST203	40	7	cosa	cosa	_	_	_	_	_	linguistic	_	ContainsVariation=No	_	_	_	_	_	_
40-8	PST203	40	8	poi	poi	_	_	_	_	_	linguistic	_	ContainsVariation=No	_	_	_	_	_	_
40-9	PST203	40	9	mh	mh	_	_	_	_	_	linguistic	_	ContainsVariation=No	_	_	_	_	_	_
40-10	PST203	40	10	poi	poi	_	_	_	_	_	linguistic	_	ContainsVariation=No	_	End=96.5	_	_	_	_
41-0	PST203	41	0	lasciamo	lasciamo	_	_	_	_	_	linguistic	_	ContainsVariation=No	_	Begin=96.99	_	_	_	_
41-1	PST203	41	1	la	la	_	_	_	_	_	linguistic	_	ContainsVariation=No	_	_	_	_	_	_
41-2	PST203	41	2	parte	parte	_	_	_	_	_	linguistic	_	ContainsVariation=No	_	_	_	_	_	_
41-3	PST203	41	3	di	di	_	_	_	_	_	linguistic	_	ContainsVariation=No	_	_	_	_	_	_
41-4	PST203	41	4	@edoardo	@edoardo	_	_	_	_	_	anonymized	_	ContainsVariation=No	Anonymized=Yes	_	_	_	_	_
41-5	PST203	41	5	allora	allora	_	_	_	_	_	linguistic	_	ContainsVariation=No	_	End=99.25	_	_	_	_
42-0	PST203	42	0	((batte_le_mani))	((batte_le_mani))	_	_	_	_	_	nonverbalbehavior	_	ContainsVariation=No	_	Begin=99.55	_	_	_	_
42-1	PST203	42	1	gruppo	gruppo	_	_	_	_	_	linguistic	_	ContainsVariation=No	_	_	_	_	_	_
42-2	PST203	42	2	che	che	_	_	_	_	_	linguistic	_	ContainsVariation=No	_	_	_	_	_	_
42-3	PST203	42	3	era	era	_	_	_	_	_	linguistic	_	ContainsVariation=No	_	_	_	_	_	_
42-4	PST203	42	4	di	di	_	_	_	_	_	linguistic	_	ContainsVariation=No	_	_	_	_	_	_
42-5	PST203	42	5	là	là	_	_	_	_	_	linguistic	_	ContainsVariation=No	_	_	_	_	_	_
42-6	PST203	42	6	sulle	sulle	_	_	_	_	_	linguistic	_	ContainsVariation=No	_	_	_	_	_	_
42-7	PST203	42	7	scale	scale	_	_	_	_	_	linguistic	_	ContainsVariation=No	_	End=102.09	_	_	_	_
43-0	PST203	43	0	che	che	_	_	_	_	_	linguistic	_	ContainsVariation=No	_	Begin=102.98	_	_	_	_
43-1	PST203	43	1	scene	scene	_	_	_	_	_	linguistic	_	ContainsVariation=No	_	_	_	_	_	_
43-2	PST203	43	2	avete	avete	_	_	_	_	_	linguistic	_	ContainsVariation=No	_	_	_	_	_	_
43-3	PST203	43	3	pensato	pensato	_	_	_	_	_	linguistic	_	ContainsVariation=No	PauseAfter=Yes	_	_	_	_	_
43-4	PST203	43	4	(.)	(.)	_	_	_	_	_	shortpause	_	ContainsVariation=No	_	_	_	_	_	_
43-5	PST203	43	5	anche	anche	_	_	_	_	_	linguistic	_	ContainsVariation=No	_	_	_	_	_	_
43-6	PST203	43	6	quelle	quelle	_	_	_	_	_	linguistic	_	ContainsVariation=No	_	_	_	_	_	_
43-7	PST203	43	7	che	che	_	_	_	_	_	linguistic	_	ContainsVariation=No	_	_	_	_	_	_
43-8	PST203	43	8	non	non	_	_	_	_	_	linguistic	_	ContainsVariation=No	_	_	_	_	_	_
43-9	PST203	43	9	avete	avete	_	_	_	_	_	linguistic	_	ContainsVariation=No	_	_	_	_	_	_
43-10	PST203	43	10	scritto	scritto	_	_	_	_	_	linguistic	_	ContainsVariation=No	_	_	_	_	_	_
43-11	PST203	43	11	ma	ma	_	_	_	_	_	linguistic	_	ContainsVariation=No	_	_	_	_	_	_
43-12	PST203	43	12	avete	avete	_	_	_	_	_	linguistic	_	ContainsVariation=No	_	_	_	_	_	_
43-13	PST203	43	13	raccontato	raccontato	_	_	_	_	_	linguistic	_	ContainsVariation=No	_	_	_	_	_	_
43-14	PST203	43	14	a	a	_	_	_	_	_	linguistic	_	ContainsVariation=No	_	_	_	_	_	_
43-15	PST203	43	15	me	me	_	_	_	_	_	linguistic	_	ContainsVariation=No	_	End=107.46	_	_	_	_
44-0	PST203	44	0	dai	dai	_	_	_	_	_	linguistic	_	ContainsVariation=No	_	Begin=107.98	_	_	_	_
44-1	PST203	44	1	forza	forza	_	_	_	_	_	linguistic	_	ContainsVariation=No	_	_	_	_	_	_
44-2	PST203	44	2	raccontatele	raccontatele	_	_	_	_	_	linguistic	_	ContainsVariation=No	PauseAfter=Yes	_	_	_	_	_
44-3	PST203	44	3	(.)	(.)	_	_	_	_	_	shortpause	_	ContainsVariation=No	_	_	_	_	_	_
44-4	PST203	44	4	a	a	_	_	_	_	_	linguistic	_	ContainsVariation=No	_	_	_	_	_	_
44-5	PST203	44	5	loro	loro	_	_	_	_	_	linguistic	_	ContainsVariation=No	_	End=110.0	_	_	_	_
45-0	PST087	45	0	abbiam	abbiam	_	_	_	_	_	linguistic	_	ContainsVariation=No	_	Begin=111.02	_	_	_	_
45-1	PST087	45	1	pensato:	pensato	_	_	_	_	_	linguistic	_	ContainsVariation=No	_	_	6x1	_	_	_
45-2	PST087	45	2	a:	a	_	_	_	_	_	linguistic	_	ContainsVariation=No	_	_	0x1	_	_	_
45-3	PST087	45	3	una	una	_	_	_	_	_	linguistic	_	ContainsVariation=No	_	_	_	_	_	_
45-4	PST087	45	4	scena	scena	_	_	_	_	_	linguistic	_	ContainsVariation=No	_	_	_	_	_	_
45-5	PST087	45	5	con:	con	_	_	_	_	_	linguistic	_	ContainsVariation=No	_	_	2x1	_	_	_
45-6	PST087	45	6	la	la	_	_	_	_	_	linguistic	_	ContainsVariation=No	_	_	_	_	_	_
45-7	PST087	45	7	danza	danza	_	_	_	_	_	linguistic	_	ContainsVariation=No	_	_	_	_	_	_
45-8	PST087	45	8	e	e	_	_	_	_	_	linguistic	_	ContainsVariation=No	_	_	_	_	_	_
45-9	PST087	45	9	i	i	_	_	_	_	_	linguistic	_	ContainsVariation=No	_	_	_	_	_	_
45-10	PST087	45	10	costumi,	costumi	_	_	_	_	_	linguistic	_	ContainsVariation=No	Intonation=WeaklyRising	End=115.57	_	_	_	_
46-0	PST087	46	0	in	in	_	_	_	_	_	linguistic	_	ContainsVariation=No	_	Begin=116.3	_	_	_	_
46-1	PST087	46	1	cui:	cui	_	_	_	_	_	linguistic	_	ContainsVariation=No	_	_	2x1	_	_	_
46-2	PST087	46	2	appunto	appunto	_	_	_	_	_	linguistic	_	ContainsVariation=No	_	_	_	_	_	_
46-3	PST087	46	3	siamo	siamo	_	_	_	_	_	linguistic	_	ContainsVariation=No	_	_	_	_	_	_
46-4	PST087	46	4	magari:	magari	_	_	_	_	_	linguistic	_	ContainsVariation=No	_	_	5x1	_	_	_
46-5	PST087	46	5	in	in	_	_	_	_	_	linguistic	_	ContainsVariation=No	_	_	_	_	_	_
46-6	PST087	46	6	sala:	sala	_	_	_	_	_	linguistic	_	ContainsVariation=No	_	_	3x1	_	_	_
46-7	PST087	46	7	di	di	_	_	_	_	_	linguistic	_	ContainsVariation=No	_	_	_	_	_	_
46-8	PST087	46	8	danza,	danza	_	_	_	_	_	linguistic	_	ContainsVariation=No	Intonation=WeaklyRising	End=120.38	_	_	_	_
47-0	PST087	47	0	mentre	mentre	_	_	_	_	_	linguistic	_	ContainsVariation=No	_	Begin=120.71	_	_	_	_
47-1	PST087	47	1	ci	ci	_	_	_	_	_	linguistic	_	ContainsVariation=No	_	_	_	_	_	_
47-2	PST087	47	2	prepariamo	prepariamo	_	_	_	_	_	linguistic	_	ContainsVariation=No	_	_	_	_	_	_
47-3	PST087	47	3	per	per	_	_	_	_	_	linguistic	_	ContainsVariation=No	_	_	_	_	_	_
47-4	PST087	47	4	uno	uno	_	_	_	_	_	linguistic	_	ContainsVariation=No	_	_	_	_	_	_
47-5	PST087	47	5	spettacolo	spettacolo	_	_	_	_	_	linguistic	_	ContainsVariation=No	_	_	_	_	_	_
47-6	PST087	47	6	con	con	_	_	_	_	_	linguistic	_	ContainsVariation=No	_	_	_	_	_	_
47-7	PST087	47	7	i	i	_	_	_	_	_	linguistic	_	ContainsVariation=No	_	_	_	_	_	_
47-8	PST087	47	8	costumi	costumi	_	_	_	_	_	linguistic	_	ContainsVariation=No	_	_	_	_	_	_
47-9	PST087	47	9	popolari,	popolari	_	_	_	_	_	linguistic	_	ContainsVariation=No	Intonation=WeaklyRising	End=124.26	_	_	_	_
48-0	PST087	48	0	e:::	e	_	_	_	_	_	linguistic	_	ContainsVariation=No	_	Begin=125.13	0x3	_	_	_
48-1	PST087	48	1	poi	poi	_	_	_	_	_	linguistic	_	ContainsVariation=No	_	_	_	_	_	_
48-2	PST087	48	2	dopo	dopo	_	_	_	_	_	linguistic	_	ContainsVariation=No	_	_	_	_	_	_
48-3	PST087	48	3	esserci	esserci	_	_	_	_	_	linguistic	_	ContainsVariation=No	_	_	_	_	_	_
48-4	PST087	48	4	preparate	preparate	_	_	_	_	_	linguistic	_	ContainsVariation=No	_	_	_	_	_	_
48-5	PST087	48	5	appunto	appunto	_	_	_	_	_	linguistic	_	ContainsVariation=No	_	_	_	_	_	_
48-6	PST087	48	6	andiamo	andiamo	_	_	_	_	_	linguistic	_	ContainsVariation=No	_	_	_	_	_	_
48-7	PST087	48	7	a	a	_	_	_	_	_	linguistic	_	ContainsVariation=No	_	_	_	_	_	_
48-8	PST087	48	8	fare	fare	_	_	_	_	_	linguistic	_	ContainsVariation=No	_	_	_	_	_	_
48-9	PST087	48	9	lo	lo	_	_	_	_	_	linguistic	_	ContainsVariation=No	_	_	_	_	_	_
48-10	PST087	48	10	spettacolo,	spettacolo	_	_	_	_	_	linguistic	_	ContainsVariation=No	Intonation=WeaklyRising	End=129.49	_	_	_	_
49-0	PST087	49	0	e	e	_	_	_	_	_	linguistic	_	ContainsVariation=No	_	Begin=129.68	_	_	_	_
49-1	PST087	49	1	magari	magari	_	_	_	_	_	linguistic	_	ContainsVariation=No	_	_	_	_	_	_
49-2	PST087	49	2	nel	nel	_	_	_	_	_	linguistic	_	ContainsVariation=No	_	_	_	_	_	_
49-3	PST087	49	3	mentre	mentre	_	_	_	_	_	linguistic	_	ContainsVariation=No	_	_	_	_	_	_
49-4	PST087	49	4	dello	dello	_	_	_	_	_	linguistic	_	ContainsVariation=No	_	_	_	_	_	_
49-5	PST087	49	5	spettacolo	spettacolo	_	_	_	_	_	linguistic	_	ContainsVariation=No	_	_	_	_	_	_
49-6	PST087	49	6	e	e	_	_	_	_	_	linguistic	_	ContainsVariation=No	_	_	_	_	_	_
49-7	PST087	49	7	delle	delle	_	_	_	_	_	linguistic	_	ContainsVariation=No	_	_	_	_	_	_
49-8	PST087	49	8	prove::	prove	_	_	_	_	_	linguistic	_	ContainsVariation=No	_	_	4x2	_	_	_
49-9	PST087	49	9	eh	eh	_	_	_	_	_	linguistic	_	ContainsVariation=No	_	_	_	_	_	_
49-10	PST087	49	10	mettiamo	mettiamo	_	_	_	_	_	linguistic	_	ContainsVariation=No	_	_	_	_	_	_
49-11	PST087	49	11	una	una	_	_	_	_	_	linguistic	_	ContainsVariation=No	_	_	_	_	_	_
49-12	PST087	49	12	personcina	personcina	_	_	_	_	_	linguistic	_	ContainsVariation=No	_	_	_	_	_	_
49-13	PST087	49	13	che:	che	_	_	_	_	_	linguistic	_	ContainsVariation=No	_	End=134.93	2x1	_	_	_
50-0	PST092	50	0	°pensavamo	pensavamo	_	_	_	_	_	linguistic	_	ContainsVariation=No	Volume=low	Begin=134.95	_	_	_	_
50-1	PST092	50	1	fosse	fosse	_	_	_	_	_	linguistic	_	ContainsVariation=No	Volume=low	_	_	_	_	_
50-2	PST092	50	2	@michi	@michi	_	_	_	_	_	anonymized	_	ContainsVariation=No	Anonymized=Yes|Volume=low	_	_	_	_	_
50-3	PST092	50	3	magari°	magari	_	_	_	_	_	linguistic	_	ContainsVariation=No	Volume=low	End=136.58	_	_	_	_
51-0	PST087	51	0	sì	sì	_	_	_	_	_	linguistic	_	ContainsVariation=No	PauseAfter=Yes	Begin=136.58	_	_	_	_
51-1	PST087	51	1	(.)	(.)	_	_	_	_	_	shortpause	_	ContainsVariation=No	_	_	_	_	_	_
51-2	PST087	51	2	ch[e::]	che	_	_	_	_	_	linguistic	_	ContainsVariation=No	_	End=138.11	2x2	_	_	2-3(9)
52-0	PST211	52	0	[che]	che	_	_	_	_	_	linguistic	_	ContainsVariation=No	_	Begin=137.42	_	_	_	0-3(9)
52-1	PST211	52	1	fosse?	fosse	_	_	_	_	_	linguistic	_	ContainsVariation=No	Intonation=Rising	End=138.06	_	_	_	_
53-0	PST092	53	0	@michi	@michi	_	_	_	_	_	anonymized	_	ContainsVariation=Yes	Anonymized=Yes	Begin=138.68	_	_	_	_
53-1	PST092	53	1	una	una	_	_	_	_	_	linguistic	_	ContainsVariation=Yes	_	_	_	_	_	_
53-2	PST092	53	2	ragazza	ragazza	_	_	_	_	_	linguistic	_	ContainsVariation=Yes	_	_	_	_	_	_
53-3	PST092	53	3	del	del	_	_	_	_	_	linguistic	_	ContainsVariation=Yes	_	_	_	_	_	_
53-4	PST092	53	4	#centru	centru	_	_	_	_	_	linguistic	_	ContainsVariation=Yes|Variety=Other|Language=NO_ISO_CODE	_	End=140.33	_	_	_	_
54-0	PST211	54	0	[ah	ah	_	_	_	_	_	linguistic	_	ContainsVariation=No	_	Begin=139.43	_	_	_	0-2(10)
54-1	PST211	54	1	okay]	okay	_	_	_	_	_	linguistic	_	ContainsVariation=No	_	End=139.9	_	_	_	0-4(10)
55-0	PST087	55	0	e	e	_	_	_	_	_	linguistic	_	ContainsVariation=No	_	Begin=140.51	_	_	_	_
55-1	PST087	55	1	che	che	_	_	_	_	_	linguistic	_	ContainsVariation=No	_	_	_	_	_	_
55-2	PST087	55	2	parla:	parla	_	_	_	_	_	linguistic	_	ContainsVariation=No	_	_	4x1	_	_	_
55-3	PST087	55	3	e	e	_	_	_	_	_	linguistic	_	ContainsVariation=No	_	_	_	_	_	_
55-4	PST087	55	4	spiega	spiega	_	_	_	_	_	linguistic	_	ContainsVariation=No	_	_	_	_	_	_
55-5	PST087	55	5	appunto	appunto	_	_	_	_	_	linguistic	_	ContainsVariation=No	_	_	_	_	_	_
55-6	PST087	55	6	cosa	cosa	_	_	_	_	_	linguistic	_	ContainsVariation=No	_	_	_	_	_	_
55-7	PST087	55	7	facciamo	facciamo	_	_	_	_	_	linguistic	_	ContainsVariation=No	_	_	_	_	_	_
55-8	PST087	55	8	noi	noi	_	_	_	_	_	linguistic	_	ContainsVariation=No	_	_	_	_	_	_
55-9	PST087	55	9	nei	nei	_	_	_	_	_	linguistic	_	ContainsVariation=No	_	_	_	_	_	_
55-10	PST087	55	10	balli	balli	_	_	_	_	_	linguistic	_	ContainsVariation=No	_	_	_	_	_	_
55-11	PST087	55	11	e::	e	_	_	_	_	_	linguistic	_	ContainsVariation=No	_	End=145.52	0x2	_	_	_
56-0	PST092	56	0	[oppure]	oppure	_	_	_	_	_	linguistic	_	ContainsVariation=No	_	Begin=146.19	_	_	_	0-6(11)
56-1	PST092	56	1	semplicemente	semplicemente	_	_	_	_	_	linguistic	_	ContainsVariation=No	_	_	_	_	_	_
56-2	PST092	56	2	magari	magari	_	_	_	_	_	linguistic	_	ContainsVariation=No	_	_	_	_	_	_
56-3	PST092	56	3	la	la	_	_	_	_	_	linguistic	_	ContainsVariation=No	_	_	_	_	_	_
56-4	PST092	56	4	ripresa	ripresa	_	_	_	_	_	linguistic	_	ContainsVariation=No	_	_	_	_	_	_
56-5	PST092	56	5	in	in	_	_	_	_	_	linguistic	_	ContainsVariation=No	_	_	_	_	_	_
56-6	PST092	56	6	sala	sala	_	_	_	_	_	linguistic	_	ContainsVariation=No	_	_	_	_	_	_
56-7	PST092	56	7	da	da	_	_	_	_	_	linguistic	_	ContainsVariation=No	_	_	_	_	_	_
56-8	PST092	56	8	danza	danza	_	_	_	_	_	linguistic	_	ContainsVariation=No	PauseAfter=Yes	_	_	_	_	_
56-9	PST092	56	9	(.)	(.)	_	_	_	_	_	shortpause	_	ContainsVariation=No	_	_	_	_	_	_
56-10	PST092	56	10	mentre:	mentre	_	_	_	_	_	linguistic	_	ContainsVariation=No	_	_	5x1	_	_	_
56-11	PST092	56	11	ci	ci	_	_	_	_	_	linguistic	_	ContainsVariation=No	_	_	_	_	_	_
56-12	PST092	56	12	vestiamo	vestiamo	_	_	_	_	_	linguistic	_	ContainsVariation=No	_	End=151.04	_	_	_	_
57-0	PST211	57	0	[okay]	okay	_	_	_	_	_	linguistic	_	ContainsVariation=No	_	Begin=146.35|End=146.95	_	_	_	0-4(11)
58-0	PST092	58	0	magari	magari	_	_	_	_	_	linguistic	_	ContainsVariation=Yes	_	Begin=151.46	_	_	_	_
58-1	PST092	58	1	quando	quando	_	_	_	_	_	linguistic	_	ContainsVariation=Yes	_	_	_	_	_	_
58-2	PST092	58	2	siamo	siamo	_	_	_	_	_	linguistic	_	ContainsVariation=Yes	_	_	_	_	_	_
58-3	PST092	58	3	già	già	_	_	_	_	_	linguistic	_	ContainsVariation=Yes	_	_	_	_	_	_
58-4	PST092	58	4	#cu::	cu	_	_	_	_	_	linguistic	_	ContainsVariation=Yes|Variety=Other|Language=NO_ISO_CODE	_	_	1x2	_	_	_
58-5	PST092	58	5	#cu	cu	_	_	_	_	_	linguistic	_	ContainsVariation=Yes|Variety=Other|Language=NO_ISO_CODE	_	_	_	_	_	_
58-6	PST092	58	6	xxx	xxx	_	_	_	_	_	unknown	_	ContainsVariation=Yes	Syllables=3	_	_	_	_	_
58-7	PST092	58	7	#cămașa	cămașa	_	_	_	_	_	linguistic	_	ContainsVariation=Yes|Variety=Other|Language=NO_ISO_CODE	_	_	_	_	_	_
58-8	PST092	58	8	mentre	mentre	_	_	_	_	_	linguistic	_	ContainsVariation=Yes	_	_	_	_	_	_
58-9	PST092	58	9	ci	ci	_	_	_	_	_	linguistic	_	ContainsVariation=Yes	_	_	_	_	_	_
58-10	PST092	58	10	mettiamo	mettiamo	_	_	_	_	_	linguistic	_	ContainsVariation=Yes	_	_	_	_	_	_
58-11	PST092	58	11	xx	xx	_	_	_	_	_	unknown	_	ContainsVariation=Yes	Syllables=2	_	_	_	_	_
58-12	PST092	58	12	fare	fare	_	_	_	_	_	linguistic	_	ContainsVariation=Yes	_	_	_	_	_	_
58-13	PST092	58	13	la	la	_	_	_	_	_	linguistic	_	ContainsVariation=Yes	_	_	_	_	_	_
58-14	PST092	58	14	ripresa	ripresa	_	_	_	_	_	linguistic	_	ContainsVariation=Yes	_	_	_	_	_	_
58-15	PST092	58	15	là	là	_	_	_	_	_	linguistic	_	ContainsVariation=Yes	_	End=156.43	_	_	_	_
60-0	PST092	60	0	mentre	mentre	_	_	_	_	_	linguistic	_	ContainsVariation=Yes	_	Begin=156.79	_	_	_	_
60-1	PST092	60	1	per:	per	_	_	_	_	_	linguistic	_	ContainsVariation=Yes	_	_	2x1	_	_	_
60-2	PST092	60	2	la	la	_	_	_	_	_	linguistic	_	ContainsVariation=Yes	_	_	_	_	_	_
60-3	PST092	60	3	seconda	seconda	_	_	_	_	_	linguistic	_	ContainsVariation=Yes	_	_	_	_	_	_
60-4	PST092	60	4	scena	scena	_	_	_	_	_	linguistic	_	ContainsVariation=Yes	_	_	_	_	_	_
60-5	PST092	60	5	pensavamo	pensavamo	_	_	_	_	_	linguistic	_	ContainsVariation=Yes	_	_	_	_	_	_
60-6	PST092	60	6	di	di	_	_	_	_	_	linguistic	_	ContainsVariation=Yes	_	_	_	_	_	_
60-7	PST092	60	7	fare	fare	_	_	_	_	_	linguistic	_	ContainsVariation=Yes	_	_	_	_	_	_
60-8	PST092	60	8	#taraful	taraful	_	_	_	_	_	linguistic	_	ContainsVariation=Yes|Variety=Other|Language=NO_ISO_CODE	_	_	_	_	_	_
60-9	PST092	60	9	e	e	_	_	_	_	_	linguistic	_	ContainsVariation=Yes	_	_	_	_	_	_
60-10	PST092	60	10	canto	canto	_	_	_	_	_	linguistic	_	ContainsVariation=Yes	_	End=161.26	_	_	_	_
61-0	PST092	61	0	xxx	xxx	_	_	_	_	_	unknown	_	ContainsVariation=No	Syllables=3	Begin=161.44	_	_	_	_
61-1	PST092	61	1	e	e	_	_	_	_	_	linguistic	_	ContainsVariation=No	_	_	_	_	_	_
61-2	PST092	61	2	anche	anche	_	_	_	_	_	linguistic	_	ContainsVariation=No	_	_	_	_	_	_
61-3	PST092	61	3	solista	solista	_	_	_	_	_	linguistic	_	ContainsVariation=No	_	End=163.44	_	_	_	_
62-0	PST092	62	0	magari	magari	_	_	_	_	_	linguistic	_	ContainsVariation=No	PauseAfter=Yes	Begin=163.66	_	_	_	_
62-1	PST092	62	1	(.)	(.)	_	_	_	_	_	shortpause	_	ContainsVariation=No	_	_	_	_	_	_
62-2	PST092	62	2	chiedendo	chiedendo	_	_	_	_	_	linguistic	_	ContainsVariation=No	_	_	_	_	_	_
62-3	PST092	62	3	a	a	_	_	_	_	_	linguistic	_	ContainsVariation=No	_	_	_	_	_	_
62-4	PST092	62	4	te	te	_	_	_	_	_	linguistic	_	ContainsVariation=No	_	End=165.11	_	_	_	_
63-0	PST092	63	0	per	per	_	_	_	_	_	linguistic	_	ContainsVariation=No	_	Begin=165.49	_	_	_	_
63-1	PST092	63	1	solista,	solista	_	_	_	_	_	linguistic	_	ContainsVariation=No	Intonation=WeaklyRising	End=166.22	_	_	_	_
64-0	PST092	64	0	ehm	ehm	_	_	_	_	_	linguistic	_	ContainsVariation=Yes	_	Begin=166.74	_	_	_	_
64-1	PST092	64	1	e	e	_	_	_	_	_	linguistic	_	ContainsVariation=Yes	_	_	_	_	_	_
64-2	PST092	64	2	#taraful	taraful	_	_	_	_	_	linguistic	_	ContainsVariation=Yes|Variety=Other|Language=NO_ISO_CODE	_	_	_	_	_	_
64-3	PST092	64	3	chiamare	chiamare	_	_	_	_	_	linguistic	_	ContainsVariation=Yes	_	_	_	_	_	_
64-4	PST092	64	4	@iacob	@iacob	_	_	_	_	_	anonymized	_	ContainsVariation=Yes	Anonymized=Yes	End=168.84	_	_	_	_
65-0	PST092	65	0	che	che	_	_	_	_	_	linguistic	_	ContainsVariation=No	_	Begin=169.09	_	_	_	_
65-1	PST092	65	1	spiega	spiega	_	_	_	_	_	linguistic	_	ContainsVariation=No	_	_	_	_	_	_
65-2	PST092	65	2	un	un	_	_	_	_	_	linguistic	_	ContainsVariation=No	_	_	_	_	_	_
65-3	PST092	65	3	po:	po	_	_	_	_	_	linguistic	_	ContainsVariation=No	PauseAfter=Yes	_	1x1	_	_	_
65-4	PST092	65	4	(.)	(.)	_	_	_	_	_	shortpause	_	ContainsVariation=No	_	_	_	_	_	_
65-5	PST092	65	5	sia	sia	_	_	_	_	_	linguistic	_	ContainsVariation=No	_	_	_	_	_	_
65-6	PST092	65	6	[cant]o	canto	_	_	_	_	_	linguistic	_	ContainsVariation=No	_	_	_	_	_	0-4(12)
65-7	PST092	65	7	di	di	_	_	_	_	_	linguistic	_	ContainsVariation=No	_	_	_	_	_	_
65-8	PST092	65	8	gruppo	gruppo	_	_	_	_	_	linguistic	_	ContainsVariation=No	_	_	_	_	_	_
65-9	PST092	65	9	e	e	_	_	_	_	_	linguistic	_	ContainsVariation=No	_	_	_	_	_	_
65-10	PST092	65	10	orchestra	orchestra	_	_	_	_	_	linguistic	_	ContainsVariation=No	_	_	_	_	_	_
65-11	PST092	65	11	come	come	_	_	_	_	_	linguistic	_	ContainsVariation=No	_	_	_	_	_	_
65-12	PST092	65	12	viene	viene	_	_	_	_	_	linguistic	_	ContainsVariation=No	_	_	_	_	_	_
65-13	PST092	65	13	organizzato	organizzato	_	_	_	_	_	linguistic	_	ContainsVariation=No	_	End=173.65	_	_	_	_
66-0	PST087	66	0	[come	come	_	_	_	_	_	linguistic	_	ContainsVariation=No	_	Begin=170.49	_	_	_	0-4(12)
66-1	PST087	66	1	si]	si	_	_	_	_	_	linguistic	_	ContainsVariation=No	_	End=170.98	_	_	_	0-2(12)
67-0	PST083	67	0	sì	sì	_	_	_	_	_	linguistic	_	ContainsVariation=No	_	Begin=173.925|End=174.145	_	_	_	_
68-0	PST203	68	0	la	la	_	_	_	_	_	linguistic	_	ContainsVariation=No	_	Begin=174.89	_	_	_	_
68-1	PST203	68	1	cosa	cosa	_	_	_	_	_	linguistic	_	ContainsVariation=No	_	_	_	_	_	_
68-2	PST203	68	2	bella	bella	_	_	_	_	_	linguistic	_	ContainsVariation=No	_	_	_	_	_	_
68-3	PST203	68	3	che	che	_	_	_	_	_	linguistic	_	ContainsVariation=No	_	_	_	_	_	_
68-4	PST203	68	4	avete	avete	_	_	_	_	_	linguistic	_	ContainsVariation=No	_	_	_	_	_	_
68-5	PST203	68	5	detto	detto	_	_	_	_	_	linguistic	_	ContainsVariation=No	_	_	_	_	_	_
68-6	PST203	68	6	l'	l'	_	_	_	_	_	linguistic	_	ContainsVariation=No	SpaceAfter=No	_	_	_	_	_
68-7	PST203	68	7	aggiungo	aggiungo	_	_	_	_	_	linguistic	_	ContainsVariation=No	_	_	_	_	_	_
68-8	PST203	68	8	io	io	_	_	_	_	_	linguistic	_	ContainsVariation=No	_	_	_	_	_	_
68-9	PST203	68	9	perché	perché	_	_	_	_	_	linguistic	_	ContainsVariation=No	_	_	_	_	_	_
68-10	PST203	68	10	non	non	_	_	_	_	_	linguistic	_	ContainsVariation=No	_	_	_	_	_	_
68-11	PST203	68	11	l'	l'	_	_	_	_	_	linguistic	_	ContainsVariation=No	SpaceAfter=No	_	_	_	_	_
68-12	PST203	68	12	avete	avete	_	_	_	_	_	linguistic	_	ContainsVariation=No	_	_	_	_	_	_
68-13	PST203	68	13	detta	detta	_	_	_	_	_	linguistic	_	ContainsVariation=No	_	_	_	_	_	_
68-14	PST203	68	14	sarebbe	sarebbe	_	_	_	_	_	linguistic	_	ContainsVariation=No	_	_	_	_	_	_
68-15	PST203	68	15	carino	carino	_	_	_	_	_	linguistic	_	ContainsVariation=No	_	_	_	_	_	_
68-16	PST203	68	16	girarla	girarla	_	_	_	_	_	linguistic	_	ContainsVariation=No	_	_	_	_	_	_
68-17	PST203	68	17	alla	alla	_	_	_	_	_	linguistic	_	ContainsVariation=No	_	_	_	_	_	_
68-18	PST203	68	18	tesoriera	tesoriera	_	_	_	_	_	linguistic	_	ContainsVariation=No	_	_	_	_	_	_
68-19	PST203	68	19	questa	questa	_	_	_	_	_	linguistic	_	ContainsVariation=No	_	_	_	_	_	_
68-20	PST203	68	20	cosa	cosa	_	_	_	_	_	linguistic	_	ContainsVariation=No	_	End=181.23	_	_	_	_
69-0	PST203	69	0	se	se	_	_	_	_	_	linguistic	_	ContainsVariation=No	_	Begin=183.15	_	_	_	_
69-1	PST203	69	1	@ecaterina	@ecaterina	_	_	_	_	_	anonymized	_	ContainsVariation=No	Anonymized=Yes	_	_	_	_	_
69-2	PST203	69	2	ci	ci	_	_	_	_	_	linguistic	_	ContainsVariation=No	_	_	_	_	_	_
69-3	PST203	69	3	permette	permette	_	_	_	_	_	linguistic	_	ContainsVariation=No	_	_	_	_	_	_
69-4	PST203	69	4	se	se	_	_	_	_	_	linguistic	_	ContainsVariation=No	_	_	_	_	_	_
69-5	PST203	69	5	c'	c'	_	_	_	_	_	linguistic	_	ContainsVariation=No	SpaceAfter=No	_	_	_	_	_
69-6	PST203	69	6	è	è	_	_	_	_	_	linguistic	_	ContainsVariation=No	_	_	_	_	_	_
69-7	PST203	69	7	il	il	_	_	_	_	_	linguistic	_	ContainsVariation=No	_	_	_	_	_	_
69-8	PST203	69	8	tempo	tempo	_	_	_	_	_	linguistic	_	ContainsVariation=No	_	_	_	_	_	_
69-9	PST203	69	9	se	se	_	_	_	_	_	linguistic	_	ContainsVariation=No	_	_	_	_	_	_
69-10	PST203	69	10	ci	ci	_	_	_	_	_	linguistic	_	ContainsVariation=No	_	_	_	_	_	_
69-11	PST203	69	11	sono	sono	_	_	_	_	_	linguistic	_	ContainsVariation=No	_	_	_	_	_	_
69-12	PST203	69	12	i	i	_	_	_	_	_	linguistic	_	ContainsVariation=No	_	_	_	_	_	_
69-13	PST203	69	13	mezzi,	mezzi	_	_	_	_	_	linguistic	_	ContainsVariation=No	Intonation=WeaklyRising	End=186.84	_	_	_	_
70-0	PST203	70	0	ovviamente	ovviamente	_	_	_	_	_	linguistic	_	ContainsVariation=No	_	Begin=187.16	_	_	_	_
70-1	PST203	70	1	abbiamo	abbiamo	_	_	_	_	_	linguistic	_	ContainsVariation=No	_	_	_	_	_	_
70-2	PST203	70	2	detto	detto	_	_	_	_	_	linguistic	_	ContainsVariation=No	_	_	_	_	_	_
70-3	PST203	70	3	tutti	tutti	_	_	_	_	_	linguistic	_	ContainsVariation=No	_	_	_	_	_	_
70-4	PST203	70	4	noi	noi	_	_	_	_	_	linguistic	_	ContainsVariation=No	_	_	_	_	_	_
70-5	PST203	70	5	abbiamo	abbiamo	_	_	_	_	_	linguistic	_	ContainsVariation=No	_	_	_	_	_	_
70-6	PST203	70	6	un	un	_	_	_	_	_	linguistic	_	ContainsVariation=No	_	_	_	_	_	_
70-7	PST203	70	7	cellulare	cellulare	_	_	_	_	_	linguistic	_	ContainsVariation=No	_	_	_	_	_	_
70-8	PST203	70	8	si	si	_	_	_	_	_	linguistic	_	ContainsVariation=No	_	_	_	_	_	_
70-9	PST203	70	9	può	può	_	_	_	_	_	linguistic	_	ContainsVariation=No	_	_	_	_	_	_
70-10	PST203	70	10	usare	usare	_	_	_	_	_	linguistic	_	ContainsVariation=No	_	_	_	_	_	_
70-11	PST203	70	11	per	per	_	_	_	_	_	linguistic	_	ContainsVariation=No	_	_	_	_	_	_
70-12	PST203	70	12	fare	fare	_	_	_	_	_	linguistic	_	ContainsVariation=No	_	_	_	_	_	_
70-13	PST203	70	13	le	le	_	_	_	_	_	linguistic	_	ContainsVariation=No	_	_	_	_	_	_
70-14	PST203	70	14	inquadrature,	inquadrature	_	_	_	_	_	linguistic	_	ContainsVariation=No	Intonation=WeaklyRising	End=191.96	_	_	_	_
71-0	PST203	71	0	quel	quel	_	_	_	_	_	linguistic	_	ContainsVariation=No	_	Begin=192.26	_	_	_	_
71-1	PST203	71	1	giorno	giorno	_	_	_	_	_	linguistic	_	ContainsVariation=No	_	_	_	_	_	_
71-2	PST203	71	2	lì	lì	_	_	_	_	_	linguistic	_	ContainsVariation=No	PauseAfter=Yes	_	_	_	_	_
71-3	PST203	71	3	(.)	(.)	_	_	_	_	_	shortpause	_	ContainsVariation=No	_	_	_	_	_	_
71-4	PST203	71	4	per	per	_	_	_	_	_	linguistic	_	ContainsVariation=No	_	_	_	_	_	_
71-5	PST203	71	5	fare::	fare	_	_	_	_	_	linguistic	_	ContainsVariation=No	_	_	3x2	_	_	_
71-6	PST203	71	6	le	le	_	_	_	_	_	linguistic	_	ContainsVariation=No	_	_	_	_	_	_
71-7	PST203	71	7	inquadrature	inquadrature	_	_	_	_	_	linguistic	_	ContainsVariation=No	_	_	_	_	_	_
71-8	PST203	71	8	quelle	quelle	_	_	_	_	_	linguistic	_	ContainsVariation=No	_	_	_	_	_	_
71-9	PST203	71	9	più	più	_	_	_	_	_	linguistic	_	ContainsVariation=No	_	_	_	_	_	_
71-10	PST203	71	10	decisive	decisive	_	_	_	_	_	linguistic	_	ContainsVariation=No	_	_	_	_	_	_
71-11	PST203	71	11	magari	magari	_	_	_	_	_	linguistic	_	ContainsVariation=No	_	_	_	_	_	_
71-12	PST203	71	12	veniamo	veniamo	_	_	_	_	_	linguistic	_	ContainsVariation=No	_	_	_	_	_	_
71-13	PST203	71	13	noi	noi	_	_	_	_	_	linguistic	_	ContainsVariation=No	_	_	_	_	_	_
71-14	PST203	71	14	col	col	_	_	_	_	_	linguistic	_	ContainsVariation=No	_	_	_	_	_	_
71-15	PST203	71	15	nostro	nostro	_	_	_	_	_	linguistic	_	ContainsVariation=No	_	_	_	_	_	_
71-16	PST203	71	16	materia:le	materiale	_	_	_	_	_	linguistic	_	ContainsVariation=No	_	_	6x1	_	_	_
71-17	PST203	71	17	vi	vi	_	_	_	_	_	linguistic	_	ContainsVariation=No	_	_	_	_	_	_
71-18	PST203	71	18	aiutia:mo	aiutiamo	_	_	_	_	_	linguistic	_	ContainsVariation=No	_	_	5x1	_	_	_
71-19	PST203	71	19	magari	magari	_	_	_	_	_	linguistic	_	ContainsVariation=No	_	_	_	_	_	_
71-20	PST203	71	20	lo	lo	_	_	_	_	_	linguistic	_	ContainsVariation=No	_	_	_	_	_	_
71-21	PST203	71	21	usare	usare	_	_	_	_	_	linguistic	_	ContainsVariation=No	_	_	_	_	_	_
71-22	PST203	71	22	sempre	sempre	_	_	_	_	_	linguistic	_	ContainsVariation=No	_	_	_	_	_	_
71-23	PST203	71	23	voi	voi	_	_	_	_	_	linguistic	_	ContainsVariation=No	_	_	_	_	_	_
71-24	PST203	71	24	però,	però	_	_	_	_	_	linguistic	_	ContainsVariation=No	Intonation=WeaklyRising	End=200.79	_	_	_	_
72-0	PST203	72	0	ve	ve	_	_	_	_	_	linguistic	_	ContainsVariation=No	_	Begin=201.1	_	_	_	_
72-1	PST203	72	1	lo	lo	_	_	_	_	_	linguistic	_	ContainsVariation=No	_	_	_	_	_	_
72-2	PST203	72	2	portiamo	portiamo	_	_	_	_	_	linguistic	_	ContainsVariation=No	_	_	_	_	_	_
72-3	PST203	72	3	noi	noi	_	_	_	_	_	linguistic	_	ContainsVariation=No	_	_	_	_	_	_
72-4	PST203	72	4	così	così	_	_	_	_	_	linguistic	_	ContainsVariation=No	_	_	_	_	_	_
72-5	PST203	72	5	avete	avete	_	_	_	_	_	linguistic	_	ContainsVariation=No	_	_	_	_	_	_
72-6	PST203	72	6	anche	anche	_	_	_	_	_	linguistic	_	ContainsVariation=No	_	_	_	_	_	_
72-7	PST203	72	7	magari	magari	_	_	_	_	_	linguistic	_	ContainsVariation=No	_	_	_	_	_	_
72-8	PST203	72	8	una	una	_	_	_	_	_	linguistic	_	ContainsVariation=No	_	_	_	_	_	_
72-9	PST203	72	9	barra	barra	_	_	_	_	_	linguistic	_	ContainsVariation=No	_	_	_	_	_	_
72-10	PST203	72	10	due	due	_	_	_	_	_	linguistic	_	ContainsVariation=No	_	_	_	_	_	_
72-11	PST203	72	11	telecamere:	telecamere	_	_	_	_	_	linguistic	_	ContainsVariation=No	_	_	9x1	_	_	_
72-12	PST203	72	12	in	in	_	_	_	_	_	linguistic	_	ContainsVariation=No	_	_	_	_	_	_
72-13	PST203	72	13	più	più	_	_	_	_	_	linguistic	_	ContainsVariation=No	_	_	_	_	_	_
72-14	PST203	72	14	okay?	okay	_	_	_	_	_	linguistic	_	ContainsVariation=No	Intonation=Rising|PauseAfter=Yes	_	_	_	_	_
72-15	PST203	72	15	(.)	(.)	_	_	_	_	_	shortpause	_	ContainsVariation=No	_	_	_	_	_	_
72-16	PST203	72	16	poi	poi	_	_	_	_	_	linguistic	_	ContainsVariation=No	_	_	_	_	_	_
72-17	PST203	72	17	altra	altra	_	_	_	_	_	linguistic	_	ContainsVariation=No	_	_	_	_	_	_
72-18	PST203	72	18	scena	scena	_	_	_	_	_	linguistic	_	ContainsVariation=No	_	_	_	_	_	_
72-19	PST203	72	19	dite	dite	_	_	_	_	_	linguistic	_	ContainsVariation=No	_	_	_	_	_	_
72-20	PST203	72	20	voi?	voi	_	_	_	_	_	linguistic	_	ContainsVariation=No	Intonation=Rising	End=209.64	_	_	_	_
73-0	PST211	73	0	[dite	dite	_	_	_	_	_	linguistic	_	ContainsVariation=No	_	Begin=210.39	_	_	_	0-4(13)
73-1	PST211	73	1	la:]	la	_	_	_	_	_	linguistic	_	ContainsVariation=No	_	End=210.84	1x1	_	_	0-2(13)
74-0	PST083	74	0	[e::h	eh	_	_	_	_	_	linguistic	_	ContainsVariation=No	_	Begin=210.4	0x2	_	_	0-2(?)
74-1	PST083	74	1	sulla]	sulla	_	_	_	_	_	linguistic	_	ContainsVariation=No	_	End=211.37	_	_	_	0-5(?)
75-0	PST211	75	0	così	così	_	_	_	_	_	linguistic	_	ContainsVariation=No	_	Begin=211.23	_	_	_	_
75-1	PST211	75	1	mettiamo	mettiamo	_	_	_	_	_	linguistic	_	ContainsVariation=No	_	_	_	_	_	_
75-2	PST211	75	2	insieme	insieme	_	_	_	_	_	linguistic	_	ContainsVariation=No	_	_	_	_	_	_
75-3	PST211	75	3	[tutt'	tutt'	_	_	_	_	_	linguistic	_	ContainsVariation=No	SpaceAfter=No	_	_	_	_	0-5(?)
75-4	PST211	75	4	e	e	_	_	_	_	_	linguistic	_	ContainsVariation=No	_	_	_	_	_	0-1(?)
75-5	PST211	75	5	due]	due	_	_	_	_	_	linguistic	_	ContainsVariation=No	_	End=213.25	_	_	_	0-3(?)
76-0	PST083	76	0	[sì	sì	_	_	_	_	_	linguistic	_	ContainsVariation=No	_	Begin=212.09	_	_	_	_
76-1	PST083	76	1	[sulla	sulla	_	_	_	_	_	linguistic	_	ContainsVariation=No	_	_	_	_	_	_
76-2	PST083	76	2	cosa	cosa	_	_	_	_	_	linguistic	_	ContainsVariation=No	_	_	_	_	_	_
76-3	PST083	76	3	dei]	dei	_	_	_	_	_	linguistic	_	ContainsVariation=No	_	_	_	_	_	_
76-4	PST083	76	4	balli	balli	_	_	_	_	_	linguistic	_	ContainsVariation=No	_	_	_	_	_	_
76-5	PST083	76	5	c(io)è	cioè	_	_	_	_	_	linguistic	_	ContainsVariation=No	Reduced=Yes	_	_	_	_	_
76-6	PST083	76	6	noi	noi	_	_	_	_	_	linguistic	_	ContainsVariation=No	_	_	_	_	_	_
76-7	PST083	76	7	avevamo	avevamo	_	_	_	_	_	linguistic	_	ContainsVariation=No	_	_	_	_	_	_
76-8	PST083	76	8	pensato	pensato	_	_	_	_	_	linguistic	_	ContainsVariation=No	_	_	_	_	_	_
76-9	PST083	76	9	a	a	_	_	_	_	_	linguistic	_	ContainsVariation=No	_	_	_	_	_	_
76-10	PST083	76	10	una	una	_	_	_	_	_	linguistic	_	ContainsVariation=No	_	_	_	_	_	_
76-11	PST083	76	11	cosa	cosa	_	_	_	_	_	linguistic	_	ContainsVariation=No	_	_	_	_	_	_
76-12	PST083	76	12	simile	simile	_	_	_	_	_	linguistic	_	ContainsVariation=No	_	_	_	_	_	_
76-13	PST083	76	13	ovvero	ovvero	_	_	_	_	_	linguistic	_	ContainsVariation=No	_	_	_	_	_	_
76-14	PST083	76	14	appunto	appunto	_	_	_	_	_	linguistic	_	ContainsVariation=No	_	_	_	_	_	_
76-15	PST083	76	15	riprendere	riprendere	_	_	_	_	_	linguistic	_	ContainsVariation=No	_	_	_	_	_	_
76-16	PST083	76	16	magari	magari	_	_	_	_	_	linguistic	_	ContainsVariation=No	_	End=217.4	_	_	_	_
77-0	PST083	77	0	ad	ad	_	_	_	_	_	linguistic	_	ContainsVariation=No	_	Begin=217.7	_	_	_	_
77-1	PST083	77	1	uno	uno	_	_	_	_	_	linguistic	_	ContainsVariation=No	_	_	_	_	_	_
77-2	PST083	77	2	spettacolo	spettacolo	_	_	_	_	_	linguistic	_	ContainsVariation=No	_	_	_	_	_	_
77-3	PST083	77	3	noi	noi	_	_	_	_	_	linguistic	_	ContainsVariation=No	_	_	_	_	_	_
77-4	PST083	77	4	che	che	_	_	_	_	_	linguistic	_	ContainsVariation=No	_	_	_	_	_	_
77-5	PST083	77	5	balliamo,	balliamo	_	_	_	_	_	linguistic	_	ContainsVariation=No	Intonation=WeaklyRising	End=219.6	_	_	_	_
78-0	PST083	78	0	quindi	quindi	_	_	_	_	_	linguistic	_	ContainsVariation=No	_	Begin=219.76	_	_	_	_
78-1	PST083	78	1	con	con	_	_	_	_	_	linguistic	_	ContainsVariation=No	_	_	_	_	_	_
78-2	PST083	78	2	tutto	tutto	_	_	_	_	_	linguistic	_	ContainsVariation=No	_	_	_	_	_	_
78-3	PST083	78	3	il	il	_	_	_	_	_	linguistic	_	ContainsVariation=No	_	_	_	_	_	_
78-4	PST083	78	4	gruppo,	gruppo	_	_	_	_	_	linguistic	_	ContainsVariation=No	Intonation=WeaklyRising	End=221.11	_	_	_	_
79-0	PST083	79	0	e:::hm:::	ehm	_	_	_	_	_	linguistic	_	ContainsVariation=No	_	Begin=221.32	0x3,2x3	_	_	_
79-1	PST083	79	1	principalmente	principalmente	_	_	_	_	_	linguistic	_	ContainsVariation=No	_	_	_	_	_	_
79-2	PST083	79	2	appunto	appunto	_	_	_	_	_	linguistic	_	ContainsVariation=No	_	_	_	_	_	_
79-3	PST083	79	3	magari	magari	_	_	_	_	_	linguistic	_	ContainsVariation=No	_	_	_	_	_	_
79-4	PST083	79	4	prendere,	prendere	_	_	_	_	_	linguistic	_	ContainsVariation=No	Intonation=WeaklyRising	End=224.85	_	_	_	_
80-0	PST083	80	0	uno	uno	_	_	_	_	_	linguistic	_	ContainsVariation=Yes	_	Begin=225.13	_	_	_	_
80-1	PST083	80	1	dei	dei	_	_	_	_	_	linguistic	_	ContainsVariation=Yes	_	_	_	_	_	_
80-2	PST083	80	2	balli	balli	_	_	_	_	_	linguistic	_	ContainsVariation=Yes	_	_	_	_	_	_
80-3	PST083	80	3	che	che	_	_	_	_	_	linguistic	_	ContainsVariation=Yes	_	_	_	_	_	_
80-4	PST083	80	4	diciamo	diciamo	_	_	_	_	_	linguistic	_	ContainsVariation=Yes	PauseAfter=Yes	_	_	_	_	_
80-5	PST083	80	5	(.)	(.)	_	_	_	_	_	shortpause	_	ContainsVariation=Yes	_	_	_	_	_	_
80-6	PST083	80	6	può	può	_	_	_	_	_	linguistic	_	ContainsVariation=Yes	_	_	_	_	_	_
80-7	PST083	80	7	intrattenere	intrattenere	_	_	_	_	_	linguistic	_	ContainsVariation=Yes	_	_	_	_	_	_
80-8	PST083	80	8	di	di	_	_	_	_	_	linguistic	_	ContainsVariation=Yes	_	_	_	_	_	_
80-9	PST083	80	9	più	più	_	_	_	_	_	linguistic	_	ContainsVariation=Yes	_	_	_	_	_	_
80-10	PST083	80	10	per	per	_	_	_	_	_	linguistic	_	ContainsVariation=Yes	_	_	_	_	_	_
80-11	PST083	80	11	esempio	esempio	_	_	_	_	_	linguistic	_	ContainsVariation=Yes	_	_	_	_	_	_
80-12	PST083	80	12	#ruginoasă	ruginoasă	_	_	_	_	_	linguistic	_	ContainsVariation=Yes|Variety=Other|Language=NO_ISO_CODE	_	_	_	_	_	_
80-13	PST083	80	13	oppure	oppure	_	_	_	_	_	linguistic	_	ContainsVariation=Yes	_	_	_	_	_	_
80-14	PST083	80	14	#bacău	bacău	_	_	_	_	_	linguistic	_	ContainsVariation=Yes|Variety=Other|Language=NO_ISO_CODE	_	_	_	_	_	_
80-15	PST083	80	15	oppure	oppure	_	_	_	_	_	linguistic	_	ContainsVariation=Yes	_	_	_	_	_	_
80-16	PST083	80	16	un	un	_	_	_	_	_	linguistic	_	ContainsVariation=Yes	_	_	_	_	_	_
80-17	PST083	80	17	ballo:	ballo	_	_	_	_	_	linguistic	_	ContainsVariation=Yes	_	_	4x1	_	_	_
80-18	PST083	80	18	più	più	_	_	_	_	_	linguistic	_	ContainsVariation=Yes	_	End=230.71	_	_	_	_
81-0	PST083	81	0	strong	strong	_	_	_	_	_	linguistic	_	ContainsVariation=No	_	Begin=231.28|End=231.98	_	_	_	_
82-0	PST083	82	0	e:::h	eh	_	_	_	_	_	linguistic	_	ContainsVariation=No	_	Begin=232.55|End=233.58	0x3	_	_	_
83-0	PST083	83	0	sì	sì	_	_	_	_	_	linguistic	_	ContainsVariation=No	_	Begin=233.59	_	_	_	_
83-1	PST083	83	1	poi	poi	_	_	_	_	_	linguistic	_	ContainsVariation=No	_	_	_	_	_	_
83-2	PST083	83	2	in	in	_	_	_	_	_	linguistic	_	ContainsVariation=No	_	_	_	_	_	_
83-3	PST083	83	3	realtà	realtà	_	_	_	_	_	linguistic	_	ContainsVariation=No	PauseAfter=Yes	_	_	_	_	_
83-4	PST083	83	4	(.)	(.)	_	_	_	_	_	shortpause	_	ContainsVariation=No	_	_	_	_	_	_
83-5	PST083	83	5	non	non	_	_	_	_	_	linguistic	_	ContainsVariation=No	_	_	_	_	_	_
83-6	PST083	83	6	non	non	_	_	_	_	_	linguistic	_	ContainsVariation=No	_	_	_	_	_	_
83-7	PST083	83	7	sappiamo	sappiamo	_	_	_	_	_	linguistic	_	ContainsVariation=No	_	_	_	_	_	_
83-8	PST083	83	8	se	se	_	_	_	_	_	linguistic	_	ContainsVariation=No	_	_	_	_	_	_
83-9	PST083	83	9	è	è	_	_	_	_	_	linguistic	_	ContainsVariation=No	_	_	_	_	_	_
83-10	PST083	83	10	proprio	proprio	_	_	_	_	_	linguistic	_	ContainsVariation=No	_	_	_	_	_	_
83-11	PST083	83	11	questo	questo	_	_	_	_	_	linguistic	_	ContainsVariation=No	_	_	_	_	_	_
83-12	PST083	83	12	però	però	_	_	_	_	_	linguistic	_	ContainsVariation=No	_	_	_	_	_	_
83-13	PST083	83	13	@ecaterina	@ecaterina	_	_	_	_	_	anonymized	_	ContainsVariation=No	Anonymized=Yes	_	_	_	_	_
83-14	PST083	83	14	tipo	tipo	_	_	_	_	_	linguistic	_	ContainsVariation=No	_	_	_	_	_	_
83-15	PST083	83	15	ci	ci	_	_	_	_	_	linguistic	_	ContainsVariation=No	_	_	_	_	_	_
83-16	PST083	83	16	aveva	aveva	_	_	_	_	_	linguistic	_	ContainsVariation=No	_	_	_	_	_	_
83-17	PST083	83	17	parlato	parlato	_	_	_	_	_	linguistic	_	ContainsVariation=No	_	_	_	_	_	_
83-18	PST083	83	18	di	di	_	_	_	_	_	linguistic	_	ContainsVariation=No	_	_	_	_	_	_
83-19	PST083	83	19	sto	sto	_	_	_	_	_	linguistic	_	ContainsVariation=No	_	_	_	_	_	_
83-20	PST083	83	20	spettacolo	spettacolo	_	_	_	_	_	linguistic	_	ContainsVariation=No	_	_	_	_	_	_
83-21	PST083	83	21	del	del	_	_	_	_	_	linguistic	_	ContainsVariation=No	_	_	_	_	_	_
83-22	PST083	83	22	nove	nove	_	_	_	_	_	linguistic	_	ContainsVariation=No	_	_	_	_	_	_
83-23	PST083	83	23	poi	poi	_	_	_	_	_	linguistic	_	ContainsVariation=No	PauseAfter=Yes	_	_	_	_	_
83-24	PST083	83	24	(.)	(.)	_	_	_	_	_	shortpause	_	ContainsVariation=No	_	_	_	_	_	_
83-25	PST083	83	25	non	non	_	_	_	_	_	linguistic	_	ContainsVariation=No	_	_	_	_	_	_
83-26	PST083	83	26	so	so	_	_	_	_	_	linguistic	_	ContainsVariation=No	_	_	_	_	_	_
83-27	PST083	83	27	vediamo?	vediamo	_	_	_	_	_	linguistic	_	ContainsVariation=No	Intonation=Rising	End=240.92	_	_	_	_
84-0	PST092	84	0	avevamo	avevamo	_	_	_	_	_	linguistic	_	ContainsVariation=No	_	Begin=240.95	_	_	_	_
84-1	PST092	84	1	anche	anche	_	_	_	_	_	linguistic	_	ContainsVariation=No	_	_	_	_	_	_
84-2	PST092	84	2	noi	noi	_	_	_	_	_	linguistic	_	ContainsVariation=No	_	_	_	_	_	_
84-3	PST092	84	3	avuto	avuto	_	_	_	_	_	linguistic	_	ContainsVariation=No	_	_	_	_	_	_
84-4	PST092	84	4	quest'	quest'	_	_	_	_	_	linguistic	_	ContainsVariation=No	SpaceAfter=No	_	_	_	_	_
84-5	PST092	84	5	idea	idea	_	_	_	_	_	linguistic	_	ContainsVariation=No	_	End=242.245	_	_	_	_
85-0	PST083	85	0	sì	sì	_	_	_	_	_	linguistic	_	ContainsVariation=No	_	Begin=242.245|End=242.74	_	_	_	_
86-0	PST083	86	0	e	e	_	_	_	_	_	linguistic	_	ContainsVariation=Yes	_	Begin=242.96	_	_	_	_
86-1	PST083	86	1	poi::	poi	_	_	_	_	_	linguistic	_	ContainsVariation=Yes	_	_	2x2	_	_	_
86-2	PST083	86	2	ne	ne	_	_	_	_	_	linguistic	_	ContainsVariation=Yes	_	_	_	_	_	_
86-3	PST083	86	3	abbiamo	abbiamo	_	_	_	_	_	linguistic	_	ContainsVariation=Yes	_	_	_	_	_	_
86-4	PST083	86	4	scelto	scelto	_	_	_	_	_	linguistic	_	ContainsVariation=Yes	_	_	_	_	_	_
86-5	PST083	86	5	un'	un'	_	_	_	_	_	linguistic	_	ContainsVariation=Yes	SpaceAfter=No	_	_	_	_	_
86-6	PST083	86	6	altra:	altra	_	_	_	_	_	linguistic	_	ContainsVariation=Yes	_	_	4x1	_	_	_
86-7	PST083	86	7	con:	con	_	_	_	_	_	linguistic	_	ContainsVariation=Yes	_	_	2x1	_	_	_
86-8	PST083	86	8	un'	un'	_	_	_	_	_	linguistic	_	ContainsVariation=Yes	SpaceAfter=No	_	_	_	_	_
86-9	PST083	86	9	intervista	intervista	_	_	_	_	_	linguistic	_	ContainsVariation=Yes	_	_	_	_	_	_
86-10	PST083	86	10	a	a	_	_	_	_	_	linguistic	_	ContainsVariation=Yes	_	_	_	_	_	_
86-11	PST083	86	11	#doamna	doamna	_	_	_	_	_	linguistic	_	ContainsVariation=Yes|Variety=Other|Language=NO_ISO_CODE	_	_	_	_	_	_
86-12	PST083	86	12	@ecaterina	@ecaterina	_	_	_	_	_	anonymized	_	ContainsVariation=Yes	Anonymized=Yes	End=247.95	_	_	_	_
87-0	PST083	87	0	e	e	_	_	_	_	_	linguistic	_	ContainsVariation=No	_	Begin=248.18	_	_	_	_
87-1	PST083	87	1	dove	dove	_	_	_	_	_	linguistic	_	ContainsVariation=No	_	_	_	_	_	_
87-2	PST083	87	2	ehm	ehm	_	_	_	_	_	linguistic	_	ContainsVariation=No	_	_	_	_	_	_
87-3	PST083	87	3	appunto:	appunto	_	_	_	_	_	linguistic	_	ContainsVariation=No	_	_	6x1	_	_	_
87-4	PST083	87	4	lei	lei	_	_	_	_	_	linguistic	_	ContainsVariation=No	_	_	_	_	_	_
87-5	PST083	87	5	f~	f~	_	_	_	_	_	linguistic	_	ContainsVariation=No	Interrupted=Yes	_	_	_	_	_
87-6	PST083	87	6	cioè	cioè	_	_	_	_	_	linguistic	_	ContainsVariation=No	_	_	_	_	_	_
87-7	PST083	87	7	facciamo	facciamo	_	_	_	_	_	linguistic	_	ContainsVariation=No	_	_	_	_	_	_
87-8	PST083	87	8	in	in	_	_	_	_	_	linguistic	_	ContainsVariation=No	_	_	_	_	_	_
87-9	PST083	87	9	modo	modo	_	_	_	_	_	linguistic	_	ContainsVariation=No	_	_	_	_	_	_
87-10	PST083	87	10	che	che	_	_	_	_	_	linguistic	_	ContainsVariation=No	_	_	_	_	_	_
87-11	PST083	87	11	si	si	_	_	_	_	_	linguistic	_	ContainsVariation=No	_	_	_	_	_	_
87-12	PST083	87	12	spieghi	spieghi	_	_	_	_	_	linguistic	_	ContainsVariation=No	_	_	_	_	_	_
87-13	PST083	87	13	un	un	_	_	_	_	_	linguistic	_	ContainsVariation=No	_	_	_	_	_	_
87-14	PST083	87	14	po':	po'	_	_	_	_	_	linguistic	_	ContainsVariation=No	_	_	1x1	_	_	_
87-15	PST083	87	15	la	la	_	_	_	_	_	linguistic	_	ContainsVariation=No	_	_	_	_	_	_
87-16	PST083	87	16	nascita	nascita	_	_	_	_	_	linguistic	_	ContainsVariation=No	_	_	_	_	_	_
87-17	PST083	87	17	del	del	_	_	_	_	_	linguistic	_	ContainsVariation=No	_	_	_	_	_	_
87-18	PST083	87	18	centro:	centro	_	_	_	_	_	linguistic	_	ContainsVariation=No	_	End=253.35	5x1	_	_	_
88-0	PST083	88	0	e	e	_	_	_	_	_	linguistic	_	ContainsVariation=No	_	Begin=253.42	_	_	_	_
88-1	PST083	88	1	tutta	tutta	_	_	_	_	_	linguistic	_	ContainsVariation=No	_	_	_	_	_	_
88-2	PST083	88	2	questa	questa	_	_	_	_	_	linguistic	_	ContainsVariation=No	_	_	_	_	_	_
88-3	PST083	88	3	storia::	storia	_	_	_	_	_	linguistic	_	ContainsVariation=No	_	End=254.96	5x2	_	_	_
89-0	PST083	89	0	del::	del	_	_	_	_	_	linguistic	_	ContainsVariation=No	_	Begin=255.37	2x2	_	_	_
89-1	PST083	89	1	eh	eh	_	_	_	_	_	linguistic	_	ContainsVariation=No	_	End=256.31	_	_	_	_
90-0	PST083	90	0	della	della	_	_	_	_	_	linguistic	_	ContainsVariation=No	_	Begin=256.78	_	_	_	_
90-1	PST083	90	1	piccola	piccola	_	_	_	_	_	linguistic	_	ContainsVariation=No	_	_	_	_	_	_
90-2	PST083	90	2	romania	romania	_	_	_	_	_	linguistic	_	ContainsVariation=No	_	_	_	_	_	_
90-3	PST083	90	3	qua	qua	_	_	_	_	_	linguistic	_	ContainsVariation=No	_	_	_	_	_	_
90-4	PST083	90	4	al	al	_	_	_	_	_	linguistic	_	ContainsVariation=No	_	_	_	_	_	_
90-5	PST083	90	5	centro	centro	_	_	_	_	_	linguistic	_	ContainsVariation=No	_	_	_	_	_	_
90-6	PST083	90	6	diciamo	diciamo	_	_	_	_	_	linguistic	_	ContainsVariation=No	PauseAfter=Yes	_	_	_	_	_
90-7	PST083	90	7	(.)	(.)	_	_	_	_	_	shortpause	_	ContainsVariation=No	_	_	_	_	_	_
90-8	PST083	90	8	questa	questa	_	_	_	_	_	linguistic	_	ContainsVariation=No	_	_	_	_	_	_
90-9	PST083	90	9	cosa	cosa	_	_	_	_	_	linguistic	_	ContainsVariation=No	_	_	_	_	_	_
90-10	PST083	90	10	qua	qua	_	_	_	_	_	linguistic	_	ContainsVariation=No	_	End=259.5	_	_	_	_
91-0	PST211	91	0	okay	okay	_	_	_	_	_	linguistic	_	ContainsVariation=No	_	Begin=261.31	_	_	_	_
91-1	PST211	91	1	e	e	_	_	_	_	_	linguistic	_	ContainsVariation=No	_	_	_	_	_	_
91-2	PST211	91	2	le	le	_	_	_	_	_	linguistic	_	ContainsVariation=No	_	_	_	_	_	_
91-3	PST211	91	3	altre	altre	_	_	_	_	_	linguistic	_	ContainsVariation=No	_	_	_	_	_	_
91-4	PST211	91	4	vostre	vostre	_	_	_	_	_	linguistic	_	ContainsVariation=No	_	_	_	_	_	_
91-5	PST211	91	5	idee	idee	_	_	_	_	_	linguistic	_	ContainsVariation=No	_	_	_	_	_	_
91-6	PST211	91	6	invece?	invece	_	_	_	_	_	linguistic	_	ContainsVariation=No	Intonation=Rising	End=263.42	_	_	_	_
92-0	PST087	92	0	vai	vai	_	_	_	_	_	linguistic	_	ContainsVariation=No	_	Begin=263.9	_	_	_	_
92-1	PST087	92	1	tu?	tu	_	_	_	_	_	linguistic	_	ContainsVariation=No	Intonation=Rising	End=264.47	_	_	_	_
93-0	PST092	93	0	((ride))	((ride))	_	_	_	_	_	nonverbalbehavior	_	ContainsVariation=Yes	_	Begin=265.27	_	_	_	_
93-1	PST092	93	1	#wait	wait	_	_	_	_	_	linguistic	_	ContainsVariation=Yes|Variety=Other|Language=NO_ISO_CODE	_	_	_	_	_	_
93-2	PST092	93	2	aspetta	aspetta	_	_	_	_	_	linguistic	_	ContainsVariation=Yes	PauseAfter=Yes	_	_	_	_	_
93-3	PST092	93	3	(.)	(.)	_	_	_	_	_	shortpause	_	ContainsVariation=Yes	_	_	_	_	_	_
93-4	PST092	93	4	me	me	_	_	_	_	_	linguistic	_	ContainsVariation=Yes	_	_	_	_	_	_
93-5	PST092	93	5	la	la	_	_	_	_	_	linguistic	_	ContainsVariation=Yes	_	_	_	_	_	_
93-6	PST092	93	6	devo	devo	_	_	_	_	_	linguistic	_	ContainsVariation=Yes	_	_	_	_	_	_
93-7	PST092	93	7	ricordare	ricordare	_	_	_	_	_	linguistic	_	ContainsVariation=Yes	_	_	_	_	_	_
93-8	PST092	93	8	aspetta	aspetta	_	_	_	_	_	linguistic	_	ContainsVariation=Yes	_	End=268.355	_	_	_	_
94-0	PST087	94	0	eh	eh	_	_	_	_	_	linguistic	_	ContainsVariation=Yes	_	Begin=268.355	_	_	_	_
94-1	PST087	94	1	no	no	_	_	_	_	_	linguistic	_	ContainsVariation=Yes	_	_	_	_	_	_
94-2	PST087	94	2	(canti	canti	_	_	_	_	_	linguistic	_	ContainsVariation=Yes	_	_	_	_	0-5(0)	_
94-3	PST087	94	3	di	di	_	_	_	_	_	linguistic	_	ContainsVariation=Yes	_	_	_	_	0-2(0)	_
94-4	PST087	94	4	gruppo)	gruppo	_	_	_	_	_	linguistic	_	ContainsVariation=Yes	_	_	_	_	0-6(0)	_
94-5	PST087	94	5	#taraf	taraf	_	_	_	_	_	linguistic	_	ContainsVariation=Yes|Variety=Other|Language=NO_ISO_CODE	_	_	_	_	_	_
94-6	PST087	94	6	e	e	_	_	_	_	_	linguistic	_	ContainsVariation=Yes	_	_	_	_	_	_
94-7	PST087	94	7	ballo	ballo	_	_	_	_	_	linguistic	_	ContainsVariation=Yes	_	End=270.99	_	_	_	_
95-0	PST092	95	0	eh	eh	_	_	_	_	_	linguistic	_	ContainsVariation=No	_	Begin=270.99	_	_	_	_
95-1	PST092	95	1	sì	sì	_	_	_	_	_	linguistic	_	ContainsVariation=No	_	End=271.5	_	_	_	_
96-0	PST087	96	0	ah	ah	_	_	_	_	_	linguistic	_	ContainsVariation=No	_	Begin=271.52	_	_	_	_
96-1	PST087	96	1	vabbè	vabbè	_	_	_	_	_	linguistic	_	ContainsVariation=No	_	_	_	_	_	_
96-2	PST087	96	2	poi	poi	_	_	_	_	_	linguistic	_	ContainsVariation=No	_	_	_	_	_	_
96-3	PST087	96	3	la	la	_	_	_	_	_	linguistic	_	ContainsVariation=No	_	_	_	_	_	_
96-4	PST087	96	4	scena	scena	_	_	_	_	_	linguistic	_	ContainsVariation=No	_	_	_	_	_	_
96-5	PST087	96	5	l'	l'	_	_	_	_	_	linguistic	_	ContainsVariation=No	SpaceAfter=No	_	_	_	_	_
96-6	PST087	96	6	abbiam	abbiam	_	_	_	_	_	linguistic	_	ContainsVariation=No	_	_	_	_	_	_
96-7	PST087	96	7	scritta	scritta	_	_	_	_	_	linguistic	_	ContainsVariation=No	_	_	_	_	_	_
96-8	PST087	96	8	però	però	_	_	_	_	_	linguistic	_	ContainsVariation=No	_	_	_	_	_	_
96-9	PST087	96	9	quella	quella	_	_	_	_	_	linguistic	_	ContainsVariation=No	_	_	_	_	_	_
96-10	PST087	96	10	di:	di	_	_	_	_	_	linguistic	_	ContainsVariation=No	_	_	1x1	_	_	_
96-11	PST087	96	11	con	con	_	_	_	_	_	linguistic	_	ContainsVariation=No	_	_	_	_	_	_
96-12	PST087	96	12	le	le	_	_	_	_	_	linguistic	_	ContainsVariation=No	_	_	_	_	_	_
96-13	PST087	96	13	uova	uova	_	_	_	_	_	linguistic	_	ContainsVariation=No	_	_	_	_	_	_
96-14	PST087	96	14	di	di	_	_	_	_	_	linguistic	_	ContainsVariation=No	_	_	_	_	_	_
96-15	PST087	96	15	pasqua	pasqua	_	_	_	_	_	linguistic	_	ContainsVariation=No	_	End=275.33	_	_	_	_
97-0	PST092	97	0	[ah	ah	_	_	_	_	_	linguistic	_	ContainsVariation=No	_	Begin=275.39	_	_	_	0-2(16)
97-1	PST092	97	1	si	si	_	_	_	_	_	linguistic	_	ContainsVariation=No	_	_	_	_	_	0-2(16)
97-2	PST092	97	2	volevamo::]	volevamo	_	_	_	_	_	linguistic	_	ContainsVariation=No	_	End=276.77	7x2	_	_	0-8(16)
98-0	PST087	98	0	[io	io	_	_	_	_	_	linguistic	_	ContainsVariation=No	_	Begin=275.98	_	_	_	0-2(?)
98-1	PST087	98	1	stavo::]	stavo	_	_	_	_	_	linguistic	_	ContainsVariation=No	PauseAfter=Yes	_	4x2	_	_	0-5(?)
98-2	PST087	98	2	(.)	(.)	_	_	_	_	_	shortpause	_	ContainsVariation=No	_	_	_	_	_	_
98-3	PST087	98	3	[pensa]ndo	pensando	_	_	_	_	_	linguistic	_	ContainsVariation=No	_	_	_	_	_	0-5(?)
98-4	PST087	98	4	tipo:	tipo	_	_	_	_	_	linguistic	_	ContainsVariation=No	_	End=278.52	3x1	_	_	_
99-0	PST087	99	0	avevo	avevo	_	_	_	_	_	linguistic	_	ContainsVariation=No	_	Begin=279.205	_	_	_	_
99-1	PST087	99	1	quest'	quest'	_	_	_	_	_	linguistic	_	ContainsVariation=No	SpaceAfter=No	_	_	_	_	_
99-2	PST087	99	2	idea	idea	_	_	_	_	_	linguistic	_	ContainsVariation=No	_	_	_	_	_	_
99-3	PST087	99	3	che	che	_	_	_	_	_	linguistic	_	ContainsVariation=No	_	_	_	_	_	_
99-4	PST087	99	4	magari:	magari	_	_	_	_	_	linguistic	_	ContainsVariation=No	_	_	5x1	_	_	_
99-5	PST087	99	5	mentre	mentre	_	_	_	_	_	linguistic	_	ContainsVariation=No	_	_	_	_	_	_
99-6	PST087	99	6	ci	ci	_	_	_	_	_	linguistic	_	ContainsVariation=No	_	_	_	_	_	_
99-7	PST087	99	7	sono	sono	_	_	_	_	_	linguistic	_	ContainsVariation=No	_	_	_	_	_	_
99-8	PST087	99	8	magari	magari	_	_	_	_	_	linguistic	_	ContainsVariation=No	_	_	_	_	_	_
99-9	PST087	99	9	tipo::	tipo	_	_	_	_	_	linguistic	_	ContainsVariation=No	_	End=283.015	3x2	_	_	_
100-0	PST087	100	0	le	le	_	_	_	_	_	linguistic	_	ContainsVariation=No	_	Begin=283.18	_	_	_	_
100-1	PST087	100	1	mamme	mamme	_	_	_	_	_	linguistic	_	ContainsVariation=No	_	_	_	_	_	_
100-2	PST087	100	2	e	e	_	_	_	_	_	linguistic	_	ContainsVariation=No	_	_	_	_	_	_
100-3	PST087	100	3	le	le	_	_	_	_	_	linguistic	_	ContainsVariation=No	_	_	_	_	_	_
100-4	PST087	100	4	nonne	nonne	_	_	_	_	_	linguistic	_	ContainsVariation=No	_	_	_	_	_	_
100-5	PST087	100	5	che	che	_	_	_	_	_	linguistic	_	ContainsVariation=No	_	_	_	_	_	_
100-6	PST087	100	6	magari	magari	_	_	_	_	_	linguistic	_	ContainsVariation=No	_	_	_	_	_	_
100-7	PST087	100	7	vengono	vengono	_	_	_	_	_	linguistic	_	ContainsVariation=No	_	_	_	_	_	_
100-8	PST087	100	8	dalla	dalla	_	_	_	_	_	linguistic	_	ContainsVariation=No	_	_	_	_	_	_
100-9	PST087	100	9	romania	romania	_	_	_	_	_	linguistic	_	ContainsVariation=No	_	_	_	_	_	_
100-10	PST087	100	10	che	che	_	_	_	_	_	linguistic	_	ContainsVariation=No	_	_	_	_	_	_
100-11	PST087	100	11	si	si	_	_	_	_	_	linguistic	_	ContainsVariation=No	_	_	_	_	_	_
100-12	PST087	100	12	mettono	mettono	_	_	_	_	_	linguistic	_	ContainsVariation=No	_	_	_	_	_	_
100-13	PST087	100	13	a:::	a	_	_	_	_	_	linguistic	_	ContainsVariation=No	_	End=287.81	0x3	_	_	_
101-0	PST087	101	0	appunto	appunto	_	_	_	_	_	linguistic	_	ContainsVariation=No	_	Begin=288.23	_	_	_	_
101-1	PST087	101	1	decorare	decorare	_	_	_	_	_	linguistic	_	ContainsVariation=No	_	_	_	_	_	_
101-2	PST087	101	2	le	le	_	_	_	_	_	linguistic	_	ContainsVariation=No	_	_	_	_	_	_
101-3	PST087	101	3	uova?	uova	_	_	_	_	_	linguistic	_	ContainsVariation=No	Intonation=Rising	End=289.83	_	_	_	_
102-0	PST087	102	0	magari	magari	_	_	_	_	_	linguistic	_	ContainsVariation=No	_	Begin=290.08	_	_	_	_
102-1	PST087	102	1	oltre	oltre	_	_	_	_	_	linguistic	_	ContainsVariation=No	_	_	_	_	_	_
102-2	PST087	102	2	a	a	_	_	_	_	_	linguistic	_	ContainsVariation=No	_	_	_	_	_	_
102-3	PST087	102	3	spiegare	spiegare	_	_	_	_	_	linguistic	_	ContainsVariation=No	_	_	_	_	_	_
102-4	PST087	102	4	il	il	_	_	_	_	_	linguistic	_	ContainsVariation=No	_	_	_	_	_	_
102-5	PST087	102	5	significato	significato	_	_	_	_	_	linguistic	_	ContainsVariation=No	_	_	_	_	_	_
102-6	PST087	102	6	che	che	_	_	_	_	_	linguistic	_	ContainsVariation=No	_	_	_	_	_	_
102-7	PST087	102	7	poi	poi	_	_	_	_	_	linguistic	_	ContainsVariation=No	_	_	_	_	_	_
102-8	PST087	102	8	si	si	_	_	_	_	_	linguistic	_	ContainsVariation=No	_	_	_	_	_	_
102-9	PST087	102	9	ricollegherà	ricollegherà	_	_	_	_	_	linguistic	_	ContainsVariation=No	_	_	_	_	_	_
102-10	PST087	102	10	anche	anche	_	_	_	_	_	linguistic	_	ContainsVariation=No	_	_	_	_	_	_
102-11	PST087	102	11	ai	ai	_	_	_	_	_	linguistic	_	ContainsVariation=No	_	_	_	_	_	_
102-12	PST087	102	12	costumi	costumi	_	_	_	_	_	linguistic	_	ContainsVariation=No	PauseAfter=Yes	_	_	_	_	_
102-13	PST087	102	13	(.)	(.)	_	_	_	_	_	shortpause	_	ContainsVariation=No	_	_	_	_	_	_
102-14	PST087	102	14	perché	perché	_	_	_	_	_	linguistic	_	ContainsVariation=No	_	_	_	_	_	_
102-15	PST087	102	15	ogni	ogni	_	_	_	_	_	linguistic	_	ContainsVariation=No	_	_	_	_	_	_
102-16	PST087	102	16	[costume]	costume	_	_	_	_	_	linguistic	_	ContainsVariation=No	_	End=296.78	_	_	_	0-7(17)
103-0	PST085	103	0	[xx]	xx	_	_	_	_	_	unknown	_	ContainsVariation=No	Syllables=2	Begin=295.805|End=296.795	_	_	_	0-2(17)
104-0	PST083	104	0	xx	xx	_	_	_	_	_	unknown	_	ContainsVariation=No	Syllables=2	Begin=297.41|End=297.92	_	_	_	_
105-0	PST087	105	0	eh::m	ehm	_	_	_	_	_	linguistic	_	ContainsVariation=No	_	Begin=299.18	1x2	_	_	_
105-1	PST087	105	1	poi	poi	_	_	_	_	_	linguistic	_	ContainsVariation=No	_	_	_	_	_	_
105-2	PST087	105	2	magari::	magari	_	_	_	_	_	linguistic	_	ContainsVariation=No	_	_	5x2	_	_	_
105-3	PST087	105	3	e:h	eh	_	_	_	_	_	linguistic	_	ContainsVariation=No	_	_	0x1	_	_	_
105-4	PST087	105	4	per	per	_	_	_	_	_	linguistic	_	ContainsVariation=No	_	_	_	_	_	_
105-5	PST087	105	5	introdurre	introdurre	_	_	_	_	_	linguistic	_	ContainsVariation=No	_	_	_	_	_	_
105-6	PST087	105	6	anche	anche	_	_	_	_	_	linguistic	_	ContainsVariation=No	_	_	_	_	_	_
105-7	PST087	105	7	un	un	_	_	_	_	_	linguistic	_	ContainsVariation=No	_	_	_	_	_	_
105-8	PST087	105	8	altro	altro	_	_	_	_	_	linguistic	_	ContainsVariation=No	_	_	_	_	_	_
105-9	PST087	105	9	argomento	argomento	_	_	_	_	_	linguistic	_	ContainsVariation=No	_	_	_	_	_	_
105-10	PST087	105	10	magari	magari	_	_	_	_	_	linguistic	_	ContainsVariation=No	_	_	_	_	_	_
105-11	PST087	105	11	che	che	_	_	_	_	_	linguistic	_	ContainsVariation=No	_	_	_	_	_	_
105-12	PST087	105	12	ne	ne	_	_	_	_	_	linguistic	_	ContainsVariation=No	_	_	_	_	_	_
105-13	PST087	105	13	so	so	_	_	_	_	_	linguistic	_	ContainsVariation=No	_	_	_	_	_	_
105-14	PST087	105	14	c'	c'	_	_	_	_	_	linguistic	_	ContainsVariation=No	SpaceAfter=No	_	_	_	_	_
105-15	PST087	105	15	è	è	_	_	_	_	_	linguistic	_	ContainsVariation=No	_	_	_	_	_	_
105-16	PST087	105	16	una	una	_	_	_	_	_	linguistic	_	ContainsVariation=No	_	_	_	_	_	_
105-17	PST087	105	17	nonna	nonna	_	_	_	_	_	linguistic	_	ContainsVariation=No	_	_	_	_	_	_
105-18	PST087	105	18	che	che	_	_	_	_	_	linguistic	_	ContainsVariation=No	_	_	_	_	_	_
105-19	PST087	105	19	è	è	_	_	_	_	_	linguistic	_	ContainsVariation=No	_	_	_	_	_	_
105-20	PST087	105	20	venuta	venuta	_	_	_	_	_	linguistic	_	ContainsVariation=No	_	_	_	_	_	_
105-21	PST087	105	21	dalla	dalla	_	_	_	_	_	linguistic	_	ContainsVariation=No	_	_	_	_	_	_
105-22	PST087	105	22	romania	romania	_	_	_	_	_	linguistic	_	ContainsVariation=No	_	_	_	_	_	_
105-23	PST087	105	23	qua::	qua	_	_	_	_	_	linguistic	_	ContainsVariation=No	_	End=307.32	2x2	_	_	_
106-0	PST087	106	0	o	o	_	_	_	_	_	linguistic	_	ContainsVariation=No	_	Begin=307.59	_	_	_	_
106-1	PST087	106	1	anche	anche	_	_	_	_	_	linguistic	_	ContainsVariation=No	_	_	_	_	_	_
106-2	PST087	106	2	solo	solo	_	_	_	_	_	linguistic	_	ContainsVariation=No	_	_	_	_	_	_
106-3	PST087	106	3	le	le	_	_	_	_	_	linguistic	_	ContainsVariation=No	_	_	_	_	_	_
106-4	PST087	106	4	mamme	mamme	_	_	_	_	_	linguistic	_	ContainsVariation=No	_	_	_	_	_	_
106-5	PST087	106	5	che	che	_	_	_	_	_	linguistic	_	ContainsVariation=No	_	_	_	_	_	_
106-6	PST087	106	6	si	si	_	_	_	_	_	linguistic	_	ContainsVariation=No	_	_	_	_	_	_
106-7	PST087	106	7	ricordano	ricordano	_	_	_	_	_	linguistic	_	ContainsVariation=No	_	_	_	_	_	_
106-8	PST087	106	8	di	di	_	_	_	_	_	linguistic	_	ContainsVariation=No	_	_	_	_	_	_
106-9	PST087	106	9	com'	com'	_	_	_	_	_	linguistic	_	ContainsVariation=No	SpaceAfter=No	_	_	_	_	_
106-10	PST087	106	10	era	era	_	_	_	_	_	linguistic	_	ContainsVariation=No	_	_	_	_	_	_
106-11	PST087	106	11	da	da	_	_	_	_	_	linguistic	_	ContainsVariation=No	_	_	_	_	_	_
106-12	PST087	106	12	loro	loro	_	_	_	_	_	linguistic	_	ContainsVariation=No	_	_	_	_	_	_
106-13	PST087	106	13	in	in	_	_	_	_	_	linguistic	_	ContainsVariation=No	_	_	_	_	_	_
106-14	PST087	106	14	infanzia	infanzia	_	_	_	_	_	linguistic	_	ContainsVariation=No	_	_	_	_	_	_
106-15	PST087	106	15	come:	come	_	_	_	_	_	linguistic	_	ContainsVariation=No	_	_	3x1	_	_	_
106-16	PST087	106	16	facevano	facevano	_	_	_	_	_	linguistic	_	ContainsVariation=No	_	_	_	_	_	_
106-17	PST087	106	17	in	in	_	_	_	_	_	linguistic	_	ContainsVariation=No	_	_	_	_	_	_
106-18	PST087	106	18	romania	romania	_	_	_	_	_	linguistic	_	ContainsVariation=No	_	_	_	_	_	_
106-19	PST087	106	19	appunto	appunto	_	_	_	_	_	linguistic	_	ContainsVariation=No	_	_	_	_	_	_
106-20	PST087	106	20	parlano,	parlano	_	_	_	_	_	linguistic	_	ContainsVariation=No	Intonation=WeaklyRising	End=314.88	_	_	_	_
107-0	PST087	107	0	e	e	_	_	_	_	_	linguistic	_	ContainsVariation=No	_	Begin=315.11	_	_	_	_
107-1	PST087	107	1	però:	però	_	_	_	_	_	linguistic	_	ContainsVariation=No	_	_	3x1	_	_	_
107-2	PST087	107	2	poi	poi	_	_	_	_	_	linguistic	_	ContainsVariation=No	_	_	_	_	_	_
107-3	PST087	107	3	fanno	fanno	_	_	_	_	_	linguistic	_	ContainsVariation=No	_	_	_	_	_	_
107-4	PST087	107	4	anche	anche	_	_	_	_	_	linguistic	_	ContainsVariation=No	_	_	_	_	_	_
107-5	PST087	107	5	tipo	tipo	_	_	_	_	_	linguistic	_	ContainsVariation=No	_	_	_	_	_	_
107-6	PST087	107	6	i	i	_	_	_	_	_	linguistic	_	ContainsVariation=No	_	_	_	_	_	_
107-7	PST087	107	7	confronti	confronti	_	_	_	_	_	linguistic	_	ContainsVariation=No	_	_	_	_	_	_
107-8	PST087	107	8	con	con	_	_	_	_	_	linguistic	_	ContainsVariation=No	_	_	_	_	_	_
107-9	PST087	107	9	l'	l'	_	_	_	_	_	linguistic	_	ContainsVariation=No	SpaceAfter=No	_	_	_	_	_
107-10	PST087	107	10	itali[a	italia	_	_	_	_	_	linguistic	_	ContainsVariation=No	_	_	_	_	_	4-6(18)
107-11	PST087	107	11	°quindi	quindi	_	_	_	_	_	linguistic	_	ContainsVariation=No	Volume=low	_	_	_	_	0-6(18)
107-12	PST087	107	12	con°]	con	_	_	_	_	_	linguistic	_	ContainsVariation=No	PauseAfter=Yes|Volume=low	_	_	_	_	0-3(18)
107-13	PST087	107	13	(.)	(.)	_	_	_	_	_	shortpause	_	ContainsVariation=No	_	_	_	_	_	_
107-14	PST087	107	14	sì	sì	_	_	_	_	_	linguistic	_	ContainsVariation=No	PauseAfter=Yes	_	_	_	_	_
107-15	PST087	107	15	(.)	(.)	_	_	_	_	_	shortpause	_	ContainsVariation=No	_	_	_	_	_	_
107-16	PST087	107	16	confronti	confronti	_	_	_	_	_	linguistic	_	ContainsVariation=No	_	_	_	_	_	_
107-17	PST087	107	17	tra	tra	_	_	_	_	_	linguistic	_	ContainsVariation=No	_	_	_	_	_	_
107-18	PST087	107	18	italia	italia	_	_	_	_	_	linguistic	_	ContainsVariation=No	_	_	_	_	_	_
107-19	PST087	107	19	e	e	_	_	_	_	_	linguistic	_	ContainsVariation=No	_	_	_	_	_	_
107-20	PST087	107	20	romania,	romania	_	_	_	_	_	linguistic	_	ContainsVariation=No	Intonation=WeaklyRising	End=322.73	_	_	_	_
108-0	PST092	108	0	#_ [vorbesc	vorbesc	_	_	_	_	_	linguistic	_	ContainsVariation=Yes|Variety=Other|Language=NO_ISO_CODE	_	Begin=317.9	_	_	_	0-7(18)
108-1	PST092	108	1	de	de	_	_	_	_	_	linguistic	_	ContainsVariation=Yes|Variety=Other|Language=NO_ISO_CODE	_	_	_	_	_	0-2(18)
108-2	PST092	108	2	amintiri]	amintiri	_	_	_	_	_	linguistic	_	ContainsVariation=Yes|Variety=Other|Language=NO_ISO_CODE	_	End=318.95	_	_	_	0-8(18)
110-0	PST083	110	0	è	è	_	_	_	_	_	linguistic	_	ContainsVariation=No	_	Begin=322.745	_	_	_	_
110-1	PST083	110	1	una	una	_	_	_	_	_	linguistic	_	ContainsVariation=No	_	_	_	_	_	_
110-2	PST083	110	2	bella	bella	_	_	_	_	_	linguistic	_	ContainsVariation=No	_	_	_	_	_	_
110-3	PST083	110	3	idea	idea	_	_	_	_	_	linguistic	_	ContainsVariation=No	_	End=323.675	_	_	_	_
111-0	PST083	111	0	(come)	come	_	_	_	_	_	linguistic	_	ContainsVariation=No	_	Begin=324.105	_	_	0-4(0)	_
111-1	PST083	111	1	abbiamo	abbiamo	_	_	_	_	_	linguistic	_	ContainsVariation=No	_	_	_	_	_	_
111-2	PST083	111	2	la	la	_	_	_	_	_	linguistic	_	ContainsVariation=No	_	_	_	_	_	_
111-3	PST083	111	3	sala	sala	_	_	_	_	_	linguistic	_	ContainsVariation=No	_	_	_	_	_	_
111-4	PST083	111	4	della	della	_	_	_	_	_	linguistic	_	ContainsVariation=No	_	_	_	_	_	_
111-5	PST083	111	5	nonna	nonna	_	_	_	_	_	linguistic	_	ContainsVariation=No	PauseAfter=Yes	_	_	_	_	_
111-6	PST083	111	6	(.)	(.)	_	_	_	_	_	shortpause	_	ContainsVariation=No	_	_	_	_	_	_
111-7	PST083	111	7	e	e	_	_	_	_	_	linguistic	_	ContainsVariation=No	_	_	_	_	_	_
111-8	PST083	111	8	abbiamo	abbiamo	_	_	_	_	_	linguistic	_	ContainsVariation=No	_	_	_	_	_	_
111-9	PST083	111	9	e::h	eh	_	_	_	_	_	linguistic	_	ContainsVariation=No	_	End=328.465	0x2	_	_	_
112-0	PST092	112	0	[ah	ah	_	_	_	_	_	linguistic	_	ContainsVariation=No	_	Begin=328.57	_	_	_	0-2(19)
112-1	PST092	112	1	xx]	xx	_	_	_	_	_	unknown	_	ContainsVariation=No	Syllables=2	_	_	_	_	0-2(19)
112-2	PST092	112	2	sì	sì	_	_	_	_	_	linguistic	_	ContainsVariation=No	_	_	_	_	_	_
112-3	PST092	112	3	sì	sì	_	_	_	_	_	linguistic	_	ContainsVariation=No	_	End=330.04	_	_	_	_
113-0	PST087	113	0	[ah	ah	_	_	_	_	_	linguistic	_	ContainsVariation=No	PauseAfter=Yes	Begin=328.58	_	_	_	0-2(19)
113-1	PST087	113	1	(.)	(.)	_	_	_	_	_	shortpause	_	ContainsVariation=No	_	_	_	_	_	X(19)
113-2	PST087	113	2	sì]	sì	_	_	_	_	_	linguistic	_	ContainsVariation=No	_	End=329.65	_	_	_	0-2(19)
114-0	PST083	114	0	mia	mia	_	_	_	_	_	linguistic	_	ContainsVariation=No	_	Begin=330.08	_	_	_	_
114-1	PST083	114	1	mamma	mamma	_	_	_	_	_	linguistic	_	ContainsVariation=No	_	_	_	_	_	_
114-2	PST083	114	2	[fa::]	fa	_	_	_	_	_	linguistic	_	ContainsVariation=No	PauseAfter=Yes	_	1x2	_	_	0-2(20)
114-3	PST083	114	3	(.)	(.)	_	_	_	_	_	shortpause	_	ContainsVariation=No	_	_	_	_	_	_
114-4	PST083	114	4	lavora:	lavora	_	_	_	_	_	linguistic	_	ContainsVariation=No	_	_	5x1	_	_	_
114-5	PST083	114	5	al	al	_	_	_	_	_	linguistic	_	ContainsVariation=No	_	_	_	_	_	_
114-6	PST083	114	6	tel[aio	telaio	_	_	_	_	_	linguistic	_	ContainsVariation=No	PauseAfter=Yes	_	_	_	_	3-6(21)
114-7	PST083	114	7	(.)]	(.)	_	_	_	_	_	shortpause	_	ContainsVariation=No	_	_	_	_	_	X(21)
114-8	PST083	114	8	ehm	ehm	_	_	_	_	_	linguistic	_	ContainsVariation=No	_	_	_	_	_	_
114-9	PST083	114	9	tipo	tipo	_	_	_	_	_	linguistic	_	ContainsVariation=No	_	_	_	_	_	_
114-10	PST083	114	10	anche	anche	_	_	_	_	_	linguistic	_	ContainsVariation=No	_	_	_	_	_	_
114-11	PST083	114	11	adesso	adesso	_	_	_	_	_	linguistic	_	ContainsVariation=No	_	_	_	_	_	_
114-12	PST083	114	12	teoricamente	teoricamente	_	_	_	_	_	linguistic	_	ContainsVariation=No	_	_	_	_	_	_
114-13	PST083	114	13	sta	sta	_	_	_	_	_	linguistic	_	ContainsVariation=No	_	_	_	_	_	_
114-14	PST083	114	14	lavorando	lavorando	_	_	_	_	_	linguistic	_	ContainsVariation=No	_	_	_	_	_	_
114-15	PST083	114	15	e	e	_	_	_	_	_	linguistic	_	ContainsVariation=No	_	_	_	_	_	_
114-16	PST083	114	16	potremmo	potremmo	_	_	_	_	_	linguistic	_	ContainsVariation=No	_	_	_	_	_	_
114-17	PST083	114	17	fare	fare	_	_	_	_	_	linguistic	_	ContainsVariation=No	_	_	_	_	_	_
114-18	PST083	114	18	anche	anche	_	_	_	_	_	linguistic	_	ContainsVariation=No	_	_	_	_	_	_
114-19	PST083	114	19	una	una	_	_	_	_	_	linguistic	_	ContainsVariation=No	_	_	_	_	_	_
114-20	PST083	114	20	scena	scena	_	_	_	_	_	linguistic	_	ContainsVariation=No	_	_	_	_	_	_
114-21	PST083	114	21	in	in	_	_	_	_	_	linguistic	_	ContainsVariation=No	_	_	_	_	_	_
114-22	PST083	114	22	cui	cui	_	_	_	_	_	linguistic	_	ContainsVariation=No	_	_	_	_	_	_
114-23	PST083	114	23	riprendiamo	riprendiamo	_	_	_	_	_	linguistic	_	ContainsVariation=No	_	_	_	_	_	_
114-24	PST083	114	24	lei	lei	_	_	_	_	_	linguistic	_	ContainsVariation=No	_	End=339.94	_	_	_	_
115-0	PST087	115	0	[telaio]	telaio	_	_	_	_	_	linguistic	_	ContainsVariation=No	_	Begin=331.04|End=331.55	_	_	_	0-6(20)
116-0	PST092	116	0	[al	al	_	_	_	_	_	linguistic	_	ContainsVariation=No	_	Begin=333.47	_	_	_	0-2(21)
116-1	PST092	116	1	telaio]	telaio	_	_	_	_	_	linguistic	_	ContainsVariation=No	_	_	_	_	_	0-6(21)
116-2	PST092	116	2	((ride))	((ride))	_	_	_	_	_	nonverbalbehavior	_	ContainsVariation=No	_	End=334.85	_	_	_	_
117-0	PST083	117	0	che::	che	_	_	_	_	_	linguistic	_	ContainsVariation=No	_	Begin=340.05	2x2	_	_	_
117-1	PST083	117	1	[tesse]	tesse	_	_	_	_	_	linguistic	_	ContainsVariation=No	_	_	_	_	_	0-5(55)
117-2	PST083	117	2	e	e	_	_	_	_	_	linguistic	_	ContainsVariation=No	_	_	_	_	_	_
117-3	PST083	117	3	magari	magari	_	_	_	_	_	linguistic	_	ContainsVariation=No	_	_	_	_	_	_
117-4	PST083	117	4	spiega	spiega	_	_	_	_	_	linguistic	_	ContainsVariation=No	_	_	_	_	_	_
117-5	PST083	117	5	un	un	_	_	_	_	_	linguistic	_	ContainsVariation=No	_	_	_	_	_	_
117-6	PST083	117	6	po'	po'	_	_	_	_	_	linguistic	_	ContainsVariation=No	_	End=343.06	_	_	_	_
118-0	PST092	118	0	[sì]	sì	_	_	_	_	_	linguistic	_	ContainsVariation=No	_	Begin=340.77|End=341.23	_	_	_	0-2(55)
119-0	PST211	119	0	[bello]	bello	_	_	_	_	_	linguistic	_	ContainsVariation=No	_	Begin=340.77|End=341.23	_	_	_	0-5(55)
120-0	PST087	120	0	sì	sì	_	_	_	_	_	linguistic	_	ContainsVariation=No	_	Begin=343.07	_	_	_	_
120-1	PST087	120	1	lì	lì	_	_	_	_	_	linguistic	_	ContainsVariation=No	_	_	_	_	_	_
120-2	PST087	120	2	è	è	_	_	_	_	_	linguistic	_	ContainsVariation=No	_	_	_	_	_	_
120-3	PST087	120	3	meglio	meglio	_	_	_	_	_	linguistic	_	ContainsVariation=No	_	End=344.02	_	_	_	_
121-0	PST083	121	0	posso	posso	_	_	_	_	_	linguistic	_	ContainsVariation=No	PauseAfter=Yes	Begin=344.02	_	_	_	_
121-1	PST083	121	1	(.)	(.)	_	_	_	_	_	shortpause	_	ContainsVariation=No	_	_	_	_	_	_
121-2	PST083	121	2	vabbè	vabbè	_	_	_	_	_	linguistic	_	ContainsVariation=No	_	_	_	_	_	_
121-3	PST083	121	3	poi	poi	_	_	_	_	_	linguistic	_	ContainsVariation=No	_	_	_	_	_	_
121-4	PST083	121	4	[la	la	_	_	_	_	_	linguistic	_	ContainsVariation=No	_	_	_	_	_	0-2(23)
121-5	PST083	121	5	scrivo]	scrivo	_	_	_	_	_	linguistic	_	ContainsVariation=No	_	End=346.05	_	_	_	0-6(23)
122-0	PST203	122	0	sì	sì	_	_	_	_	_	linguistic	_	ContainsVariation=No	_	Begin=344.97|End=345.26	_	_	_	_
123-0	PST211	123	0	[sì	sì	_	_	_	_	_	linguistic	_	ContainsVariation=No	_	Begin=345.5	_	_	_	0-2(23)
123-1	PST211	123	1	sì]	sì	_	_	_	_	_	linguistic	_	ContainsVariation=No	_	End=346.04	_	_	_	0-2(23)
124-0	PST203	124	0	mi	mi	_	_	_	_	_	linguistic	_	ContainsVariation=No	_	Begin=346.75	_	_	_	_
124-1	PST203	124	1	raccoma[ndo]	raccomando	_	_	_	_	_	linguistic	_	ContainsVariation=No	_	End=347.51	_	_	_	7-10(24)
125-0	PST211	125	0	[tanto	tanto	_	_	_	_	_	linguistic	_	ContainsVariation=No	_	Begin=347.17	_	_	_	0-5(24)
125-1	PST211	125	1	di]	di	_	_	_	_	_	linguistic	_	ContainsVariation=No	_	End=347.72	_	_	_	0-2(24)
126-0	PST203	126	0	no	no	_	_	_	_	_	linguistic	_	ContainsVariation=No	_	Begin=348.34	_	_	_	_
126-1	PST203	126	1	questa	questa	_	_	_	_	_	linguistic	_	ContainsVariation=No	_	_	_	_	_	_
126-2	PST203	126	2	è	è	_	_	_	_	_	linguistic	_	ContainsVariation=No	_	_	_	_	_	_
126-3	PST203	126	3	molto	molto	_	_	_	_	_	linguistic	_	ContainsVariation=No	_	_	_	_	_	_
126-4	PST203	126	4	bella	bella	_	_	_	_	_	linguistic	_	ContainsVariation=No	_	_	_	_	_	_
126-5	PST203	126	5	questa	questa	_	_	_	_	_	linguistic	_	ContainsVariation=No	_	_	_	_	_	_
126-6	PST203	126	6	cosa	cosa	_	_	_	_	_	linguistic	_	ContainsVariation=No	PauseAfter=Yes	_	_	_	_	_
126-7	PST203	126	7	(.)	(.)	_	_	_	_	_	shortpause	_	ContainsVariation=No	_	_	_	_	_	_
126-8	PST203	126	8	secondo	secondo	_	_	_	_	_	linguistic	_	ContainsVariation=No	_	_	_	_	_	_
126-9	PST203	126	9	me	me	_	_	_	_	_	linguistic	_	ContainsVariation=No	_	_	_	_	_	_
126-10	PST203	126	10	dico	dico	_	_	_	_	_	linguistic	_	ContainsVariation=No	_	_	_	_	_	_
126-11	PST203	126	11	dico	dico	_	_	_	_	_	linguistic	_	ContainsVariation=No	_	_	_	_	_	_
126-12	PST203	126	12	il	il	_	_	_	_	_	linguistic	_	ContainsVariation=No	_	_	_	_	_	_
126-13	PST203	126	13	mio	mio	_	_	_	_	_	linguistic	_	ContainsVariation=No	_	_	_	_	_	_
126-14	PST203	126	14	[parere	parere	_	_	_	_	_	linguistic	_	ContainsVariation=No	_	_	_	_	_	0-6(25)
126-15	PST203	126	15	personale	personale	_	_	_	_	_	linguistic	_	ContainsVariation=No	_	_	_	_	_	0-9(25)
126-16	PST203	126	16	poi	poi	_	_	_	_	_	linguistic	_	ContainsVariation=No	_	_	_	_	_	0-3(25)
126-17	PST203	126	17	fateci]	fateci	_	_	_	_	_	linguistic	_	ContainsVariation=No	_	_	_	_	_	0-6(25)
126-18	PST203	126	18	quello	quello	_	_	_	_	_	linguistic	_	ContainsVariation=No	_	_	_	_	_	_
126-19	PST203	126	19	che	che	_	_	_	_	_	linguistic	_	ContainsVariation=No	_	_	_	_	_	_
126-20	PST203	126	20	volete	volete	_	_	_	_	_	linguistic	_	ContainsVariation=No	_	End=355.2	_	_	_	_
127-0	PST092	127	0	[scrivi	scrivi	_	_	_	_	_	linguistic	_	ContainsVariation=No	_	Begin=353.05	_	_	_	0-6(25)
127-1	PST092	127	1	quella	quella	_	_	_	_	_	linguistic	_	ContainsVariation=No	_	_	_	_	_	0-6(25)
127-2	PST092	127	2	lì]	lì	_	_	_	_	_	linguistic	_	ContainsVariation=No	_	End=354.15	_	_	_	0-2(25)
128-0	PST203	128	0	una	una	_	_	_	_	_	linguistic	_	ContainsVariation=No	_	Begin=355.32	_	_	_	_
128-1	PST203	128	1	scena	scena	_	_	_	_	_	linguistic	_	ContainsVariation=No	_	_	_	_	_	_
128-2	PST203	128	2	del	del	_	_	_	_	_	linguistic	_	ContainsVariation=No	_	_	_	_	_	_
128-3	PST203	128	3	genere	genere	_	_	_	_	_	linguistic	_	ContainsVariation=No	_	_	_	_	_	_
128-4	PST203	128	4	dove	dove	_	_	_	_	_	linguistic	_	ContainsVariation=No	_	_	_	_	_	_
128-5	PST203	128	5	ci	ci	_	_	_	_	_	linguistic	_	ContainsVariation=No	_	_	_	_	_	_
128-6	PST203	128	6	sono	sono	_	_	_	_	_	linguistic	_	ContainsVariation=No	_	_	_	_	_	_
128-7	PST203	128	7	le	le	_	_	_	_	_	linguistic	_	ContainsVariation=No	_	_	_	_	_	_
128-8	PST203	128	8	persone	persone	_	_	_	_	_	linguistic	_	ContainsVariation=No	_	_	_	_	_	_
128-9	PST203	128	9	che	che	_	_	_	_	_	linguistic	_	ContainsVariation=No	_	_	_	_	_	_
128-10	PST203	128	10	F:Anno	fanno	_	_	_	_	_	linguistic	_	ContainsVariation=No	Volume=high	_	0x1	_	_	_
128-11	PST203	128	11	delle	delle	_	_	_	_	_	linguistic	_	ContainsVariation=No	_	_	_	_	_	_
128-12	PST203	128	12	cose	cose	_	_	_	_	_	linguistic	_	ContainsVariation=No	_	_	_	_	_	_
128-13	PST203	128	13	sarebbe	sarebbe	_	_	_	_	_	linguistic	_	ContainsVariation=No	_	_	_	_	_	_
128-14	PST203	128	14	anche	anche	_	_	_	_	_	linguistic	_	ContainsVariation=No	_	_	_	_	_	_
128-15	PST203	128	15	carino	carino	_	_	_	_	_	linguistic	_	ContainsVariation=No	_	_	_	_	_	_
128-16	PST203	128	16	intervenire::	intervenire	_	_	_	_	_	linguistic	_	ContainsVariation=No	_	_	10x2	_	_	_
128-17	PST203	128	17	poco	poco	_	_	_	_	_	linguistic	_	ContainsVariation=No	_	End=362.44	_	_	_	_
129-0	PST203	129	0	quindi	quindi	_	_	_	_	_	linguistic	_	ContainsVariation=No	_	Begin=362.465	_	_	_	_
129-1	PST203	129	1	[metti	metti	_	_	_	_	_	linguistic	_	ContainsVariation=No	PauseAfter=Yes	_	_	_	_	0-5(26)
129-2	PST203	129	2	(.)	(.)	_	_	_	_	_	shortpause	_	ContainsVariation=No	_	_	_	_	_	X(26)
129-3	PST203	129	3	metti]	metti	_	_	_	_	_	linguistic	_	ContainsVariation=No	_	_	_	_	_	0-5(26)
129-4	PST203	129	4	la	la	_	_	_	_	_	linguistic	_	ContainsVariation=No	_	_	_	_	_	_
129-5	PST203	129	5	macchina	macchina	_	_	_	_	_	linguistic	_	ContainsVariation=No	_	_	_	_	_	_
129-6	PST203	129	6	lì	lì	_	_	_	_	_	linguistic	_	ContainsVariation=No	_	_	_	_	_	_
129-7	PST203	129	7	e	e	_	_	_	_	_	linguistic	_	ContainsVariation=No	_	_	_	_	_	_
129-8	PST203	129	8	la	la	_	_	_	_	_	linguistic	_	ContainsVariation=No	_	_	_	_	_	_
129-9	PST203	129	9	lasci	lasci	_	_	_	_	_	linguistic	_	ContainsVariation=No	_	_	_	_	_	_
129-10	PST203	129	10	correre	correre	_	_	_	_	_	linguistic	_	ContainsVariation=No	_	_	_	_	_	_
129-11	PST203	129	11	per	per	_	_	_	_	_	linguistic	_	ContainsVariation=No	_	_	_	_	_	_
129-12	PST203	129	12	mezz'	mezz'	_	_	_	_	_	linguistic	_	ContainsVariation=No	SpaceAfter=No	_	_	_	_	_
129-13	PST203	129	13	ora	ora	_	_	_	_	_	linguistic	_	ContainsVariation=No	_	_	_	_	_	_
129-14	PST203	129	14	un'	un'	_	_	_	_	_	linguistic	_	ContainsVariation=No	SpaceAfter=No	_	_	_	_	_
129-15	PST203	129	15	ora	ora	_	_	_	_	_	linguistic	_	ContainsVariation=No	_	End=368.55	_	_	_	_
130-0	PST083	130	0	[sì	sì	_	_	_	_	_	linguistic	_	ContainsVariation=No	_	Begin=362.73	_	_	_	0-2(26)
130-1	PST083	130	1	esatto	esatto	_	_	_	_	_	linguistic	_	ContainsVariation=No	_	_	_	_	_	0-6(26)
130-2	PST083	130	2	anche	anche	_	_	_	_	_	linguistic	_	ContainsVariation=No	_	_	_	_	_	0-5(26)
130-3	PST083	130	3	solo::]	solo	_	_	_	_	_	linguistic	_	ContainsVariation=No	_	End=364.29	3x2	_	_	0-4(26)
131-0	PST203	131	0	guardi	guardi	_	_	_	_	_	linguistic	_	ContainsVariation=No	_	Begin=368.812	_	_	_	_
131-1	PST203	131	1	cosa	cosa	_	_	_	_	_	linguistic	_	ContainsVariation=No	_	_	_	_	_	_
131-2	PST203	131	2	succede	succede	_	_	_	_	_	linguistic	_	ContainsVariation=No	PauseAfter=Yes	_	_	_	_	_
131-3	PST203	131	3	(.)	(.)	_	_	_	_	_	shortpause	_	ContainsVariation=No	_	_	_	_	_	_
131-4	PST203	131	4	e:	e	_	_	_	_	_	linguistic	_	ContainsVariation=No	_	_	0x1	_	_	_
131-5	PST203	131	5	e	e	_	_	_	_	_	linguistic	_	ContainsVariation=No	_	_	_	_	_	_
131-6	PST203	131	6	poi	poi	_	_	_	_	_	linguistic	_	ContainsVariation=No	_	_	_	_	_	_
131-7	PST203	131	7	piuttosto	piuttosto	_	_	_	_	_	linguistic	_	ContainsVariation=No	_	_	_	_	_	_
131-8	PST203	131	8	in	in	_	_	_	_	_	linguistic	_	ContainsVariation=No	_	_	_	_	_	_
131-9	PST203	131	9	un	un	_	_	_	_	_	linguistic	_	ContainsVariation=No	_	_	_	_	_	_
131-10	PST203	131	10	altro	altro	_	_	_	_	_	linguistic	_	ContainsVariation=No	_	_	_	_	_	_
131-11	PST203	131	11	momento	momento	_	_	_	_	_	linguistic	_	ContainsVariation=No	_	_	_	_	_	_
131-12	PST203	131	12	ci	ci	_	_	_	_	_	linguistic	_	ContainsVariation=No	_	_	_	_	_	_
131-13	PST203	131	13	facciamo	facciamo	_	_	_	_	_	linguistic	_	ContainsVariation=No	_	_	_	_	_	_
131-14	PST203	131	14	raccontare	raccontare	_	_	_	_	_	linguistic	_	ContainsVariation=No	_	_	_	_	_	_
131-15	PST203	131	15	magari	magari	_	_	_	_	_	linguistic	_	ContainsVariation=No	_	_	_	_	_	_
131-16	PST203	131	16	dalla	dalla	_	_	_	_	_	linguistic	_	ContainsVariation=No	_	_	_	_	_	_
131-17	PST203	131	17	tua	tua	_	_	_	_	_	linguistic	_	ContainsVariation=No	_	_	_	_	_	_
131-18	PST203	131	18	mamma,	mamma	_	_	_	_	_	linguistic	_	ContainsVariation=No	Intonation=WeaklyRising	End=375.76	_	_	_	_
132-0	PST203	132	0	che	che	_	_	_	_	_	linguistic	_	ContainsVariation=No	PauseAfter=Yes	Begin=375.96	_	_	_	_
132-1	PST203	132	1	(.)	(.)	_	_	_	_	_	shortpause	_	ContainsVariation=No	_	_	_	_	_	_
132-2	PST203	132	2	che	che	_	_	_	_	_	linguistic	_	ContainsVariation=No	_	_	_	_	_	_
132-3	PST203	132	3	cosa	cosa	_	_	_	_	_	linguistic	_	ContainsVariation=No	_	_	_	_	_	_
132-4	PST203	132	4	si	si	_	_	_	_	_	linguistic	_	ContainsVariation=No	_	_	_	_	_	_
132-5	PST203	132	5	fa::	fa	_	_	_	_	_	linguistic	_	ContainsVariation=No	_	_	1x2	_	_	_
132-6	PST203	132	6	tecnica	tecnica	_	_	_	_	_	linguistic	_	ContainsVariation=No	_	_	_	_	_	_
132-7	PST203	132	7	di	di	_	_	_	_	_	linguistic	_	ContainsVariation=No	_	_	_	_	_	_
132-8	PST203	132	8	tessitura	tessitura	_	_	_	_	_	linguistic	_	ContainsVariation=No	_	_	_	_	_	_
132-9	PST203	132	9	gli	gli	_	_	_	_	_	linguistic	_	ContainsVariation=No	_	_	_	_	_	_
132-10	PST203	132	10	abiti	abiti	_	_	_	_	_	linguistic	_	ContainsVariation=No	_	_	_	_	_	_
132-11	PST203	132	11	eccetera	eccetera	_	_	_	_	_	linguistic	_	ContainsVariation=No	_	_	_	_	_	_
132-12	PST203	132	12	però	però	_	_	_	_	_	linguistic	_	ContainsVariation=No	_	_	_	_	_	_
132-13	PST203	132	13	questo	questo	_	_	_	_	_	linguistic	_	ContainsVariation=No	_	_	_	_	_	_
132-14	PST203	132	14	è	è	_	_	_	_	_	linguistic	_	ContainsVariation=No	PauseAfter=Yes	_	_	_	_	_
132-15	PST203	132	15	(.)	(.)	_	_	_	_	_	shortpause	_	ContainsVariation=No	_	_	_	_	_	_
132-16	PST203	132	16	secondo	secondo	_	_	_	_	_	linguistic	_	ContainsVariation=No	_	_	_	_	_	_
132-17	PST203	132	17	me	me	_	_	_	_	_	linguistic	_	ContainsVariation=No	_	_	_	_	_	_
132-18	PST203	132	18	questo	questo	_	_	_	_	_	linguistic	_	ContainsVariation=No	_	_	_	_	_	_
132-19	PST203	132	19	e	e	_	_	_	_	_	linguistic	_	ContainsVariation=No	_	_	_	_	_	_
132-20	PST203	132	20	le	le	_	_	_	_	_	linguistic	_	ContainsVariation=No	_	_	_	_	_	_
132-21	PST203	132	21	uova,	uova	_	_	_	_	_	linguistic	_	ContainsVariation=No	Intonation=WeaklyRising	End=383.84	_	_	_	_
133-0	PST203	133	0	spaccano	spaccano	_	_	_	_	_	linguistic	_	ContainsVariation=No	PauseAfter=Yes	Begin=384.09	_	_	_	_
133-1	PST203	133	1	[(.)]	(.)	_	_	_	_	_	shortpause	_	ContainsVariation=No	_	_	_	_	_	X(27)
133-2	PST203	133	2	c(io)è	cioè	_	_	_	_	_	linguistic	_	ContainsVariation=No	Reduced=Yes	_	_	_	_	_
133-3	PST203	133	3	secondo	secondo	_	_	_	_	_	linguistic	_	ContainsVariation=No	_	_	_	_	_	_
133-4	PST203	133	4	me	me	_	_	_	_	_	linguistic	_	ContainsVariation=No	_	_	_	_	_	_
133-5	PST203	133	5	perché	perché	_	_	_	_	_	linguistic	_	ContainsVariation=No	PauseAfter=Yes	_	_	_	_	_
133-6	PST203	133	6	(.)	(.)	_	_	_	_	_	shortpause	_	ContainsVariation=No	_	_	_	_	_	_
133-7	PST203	133	7	la	la	_	_	_	_	_	linguistic	_	ContainsVariation=No	_	_	_	_	_	_
133-8	PST203	133	8	sala	sala	_	_	_	_	_	linguistic	_	ContainsVariation=No	_	_	_	_	_	_
133-9	PST203	133	9	di	di	_	_	_	_	_	linguistic	_	ContainsVariation=No	_	_	_	_	_	_
133-10	PST203	133	10	là	là	_	_	_	_	_	linguistic	_	ContainsVariation=No	_	_	_	_	_	_
133-11	PST203	133	11	è	è	_	_	_	_	_	linguistic	_	ContainsVariation=No	_	_	_	_	_	_
133-12	PST203	133	12	proprio	proprio	_	_	_	_	_	linguistic	_	ContainsVariation=No	_	_	_	_	_	_
133-13	PST203	133	13	bella	bella	_	_	_	_	_	linguistic	_	ContainsVariation=No	_	_	_	_	_	_
133-14	PST203	133	14	[da	da	_	_	_	_	_	linguistic	_	ContainsVariation=No	_	_	_	_	_	0-2(28)
133-15	PST203	133	15	vedere::]	vedere	_	_	_	_	_	linguistic	_	ContainsVariation=No	_	End=388.89	5x2	_	_	0-6(28)
134-0	PST083	134	0	sì	sì	_	_	_	_	_	linguistic	_	ContainsVariation=No	_	Begin=384.59|End=384.93	_	_	_	_
135-0	PST083	135	0	[esatto]	esatto	_	_	_	_	_	linguistic	_	ContainsVariation=No	_	Begin=388.07|End=388.77	_	_	_	0-6(28)
136-0	PST092	136	0	quindi	quindi	_	_	_	_	_	linguistic	_	ContainsVariation=No	_	Begin=388.965	_	_	_	_
136-1	PST092	136	1	come	come	_	_	_	_	_	linguistic	_	ContainsVariation=No	_	_	_	_	_	_
136-2	PST092	136	2	volevamo	volevamo	_	_	_	_	_	linguistic	_	ContainsVariation=No	_	_	_	_	_	_
136-3	PST092	136	3	registrare	registrare	_	_	_	_	_	linguistic	_	ContainsVariation=No	_	_	_	_	_	_
136-4	PST092	136	4	la	la	_	_	_	_	_	linguistic	_	ContainsVariation=No	_	_	_	_	_	_
136-5	PST092	136	5	roba	roba	_	_	_	_	_	linguistic	_	ContainsVariation=No	_	_	_	_	_	_
136-6	PST092	136	6	di	di	_	_	_	_	_	linguistic	_	ContainsVariation=No	_	_	_	_	_	_
136-7	PST092	136	7	danza?	danza	_	_	_	_	_	linguistic	_	ContainsVariation=No	Intonation=Rising	End=391.32	_	_	_	_
137-0	PST203	137	0	come	come	_	_	_	_	_	linguistic	_	ContainsVariation=No	_	Begin=391.45	_	_	_	_
137-1	PST203	137	1	scusa?	scusa	_	_	_	_	_	linguistic	_	ContainsVariation=No	Intonation=Rising	End=392.09	_	_	_	_
138-0	PST092	138	0	come	come	_	_	_	_	_	linguistic	_	ContainsVariation=No	_	Begin=392.11	_	_	_	_
138-1	PST092	138	1	volevamo	volevamo	_	_	_	_	_	linguistic	_	ContainsVariation=No	_	_	_	_	_	_
138-2	PST092	138	2	registrare	registrare	_	_	_	_	_	linguistic	_	ContainsVariation=No	_	_	_	_	_	_
138-3	PST092	138	3	le	le	_	_	_	_	_	linguistic	_	ContainsVariation=No	_	_	_	_	_	_
138-4	PST092	138	4	cose	cose	_	_	_	_	_	linguistic	_	ContainsVariation=No	_	_	_	_	_	_
138-5	PST092	138	5	dei	dei	_	_	_	_	_	linguistic	_	ContainsVariation=No	_	_	_	_	_	_
138-6	PST092	138	6	balli	balli	_	_	_	_	_	linguistic	_	ContainsVariation=No	_	_	_	_	_	_
138-7	PST092	138	7	con	con	_	_	_	_	_	linguistic	_	ContainsVariation=No	_	_	_	_	_	_
138-8	PST092	138	8	la	la	_	_	_	_	_	linguistic	_	ContainsVariation=No	_	_	_	_	_	_
138-9	PST092	138	9	persona	persona	_	_	_	_	_	linguistic	_	ContainsVariation=No	_	_	_	_	_	_
138-10	PST092	138	10	che	che	_	_	_	_	_	linguistic	_	ContainsVariation=No	_	_	_	_	_	_
138-11	PST092	138	11	spiega	spiega	_	_	_	_	_	linguistic	_	ContainsVariation=No	_	End=395.55	_	_	_	_
139-0	PST203	139	0	mh	mh	_	_	_	_	_	linguistic	_	ContainsVariation=No	_	Begin=396.45	_	_	_	_
139-1	PST203	139	1	cioè	cioè	_	_	_	_	_	linguistic	_	ContainsVariation=No	_	_	_	_	_	_
139-2	PST203	139	2	volevi	volevi	_	_	_	_	_	linguistic	_	ContainsVariation=No	_	_	_	_	_	_
139-3	PST203	139	3	aggiungere	aggiungere	_	_	_	_	_	linguistic	_	ContainsVariation=No	_	_	_	_	_	_
139-4	PST203	139	4	un	un	_	_	_	_	_	linguistic	_	ContainsVariation=No	_	_	_	_	_	_
139-5	PST203	139	5	pezzo?	pezzo	_	_	_	_	_	linguistic	_	ContainsVariation=No	Intonation=Rising	End=398.29	_	_	_	_
140-0	PST211	140	0	no	no	_	_	_	_	_	linguistic	_	ContainsVariation=No	_	Begin=398.29	_	_	_	_
140-1	PST211	140	1	voleva	voleva	_	_	_	_	_	linguistic	_	ContainsVariation=No	_	_	_	_	_	_
140-2	PST211	140	2	raccontarlo	raccontarlo	_	_	_	_	_	linguistic	_	ContainsVariation=No	_	_	_	_	_	_
140-3	PST211	140	3	a	a	_	_	_	_	_	linguistic	_	ContainsVariation=No	_	_	_	_	_	_
140-4	PST211	140	4	[noi]	noi	_	_	_	_	_	linguistic	_	ContainsVariation=No	_	End=399.84	_	_	_	0-3(29)
141-0	PST203	141	0	[a	a	_	_	_	_	_	linguistic	_	ContainsVariation=No	_	Begin=399.725	_	_	_	0-1(29)
141-1	PST203	141	1	sc]usa	scusa	_	_	_	_	_	linguistic	_	ContainsVariation=No	_	_	_	_	_	0-2(29)
141-2	PST203	141	2	dillo	dillo	_	_	_	_	_	linguistic	_	ContainsVariation=No	_	_	_	_	_	_
141-3	PST203	141	3	dillo	dillo	_	_	_	_	_	linguistic	_	ContainsVariation=No	_	End=401.405	_	_	_	_
142-0	PST092	142	0	per	per	_	_	_	_	_	linguistic	_	ContainsVariation=No	PauseAfter=Yes	Begin=401.57	_	_	_	_
142-1	PST092	142	1	(.)	(.)	_	_	_	_	_	shortpause	_	ContainsVariation=No	_	_	_	_	_	_
142-2	PST092	142	2	i	i	_	_	_	_	_	linguistic	_	ContainsVariation=No	_	_	_	_	_	_
142-3	PST092	142	3	balli	balli	_	_	_	_	_	linguistic	_	ContainsVariation=No	_	_	_	_	_	_
142-4	PST092	142	4	[pensavamo	pensavamo	_	_	_	_	_	linguistic	_	ContainsVariation=No	_	_	_	_	_	0-9(30)
142-5	PST092	142	5	di	di	_	_	_	_	_	linguistic	_	ContainsVariation=No	_	_	_	_	_	0-2(30)
142-6	PST092	142	6	mettere]	mettere	_	_	_	_	_	linguistic	_	ContainsVariation=No	_	_	_	_	_	0-7(30)
142-7	PST092	142	7	una	una	_	_	_	_	_	linguistic	_	ContainsVariation=No	_	_	_	_	_	_
142-8	PST092	142	8	telecamera	telecamera	_	_	_	_	_	linguistic	_	ContainsVariation=No	_	_	_	_	_	_
142-9	PST092	142	9	davanti	davanti	_	_	_	_	_	linguistic	_	ContainsVariation=No	_	_	_	_	_	_
142-10	PST092	142	10	alle	alle	_	_	_	_	_	linguistic	_	ContainsVariation=No	_	_	_	_	_	_
142-11	PST092	142	11	persone	persone	_	_	_	_	_	linguistic	_	ContainsVariation=No	_	_	_	_	_	_
142-12	PST092	142	12	che	che	_	_	_	_	_	linguistic	_	ContainsVariation=No	_	_	_	_	_	_
142-13	PST092	142	13	ballano	ballano	_	_	_	_	_	linguistic	_	ContainsVariation=No	_	_	_	_	_	_
142-14	PST092	142	14	e	e	_	_	_	_	_	linguistic	_	ContainsVariation=No	_	_	_	_	_	_
142-15	PST092	142	15	poi	poi	_	_	_	_	_	linguistic	_	ContainsVariation=No	_	_	_	_	_	_
142-16	PST092	142	16	una	una	_	_	_	_	_	linguistic	_	ContainsVariation=No	_	_	_	_	_	_
142-17	PST092	142	17	davanti	davanti	_	_	_	_	_	linguistic	_	ContainsVariation=No	_	_	_	_	_	_
142-18	PST092	142	18	a	a	_	_	_	_	_	linguistic	_	ContainsVariation=No	_	_	_	_	_	_
142-19	PST092	142	19	@michi	@michi	_	_	_	_	_	anonymized	_	ContainsVariation=No	Anonymized=Yes	End=407.66	_	_	_	_
143-0	PST203	143	0	[scusa	scusa	_	_	_	_	_	linguistic	_	ContainsVariation=No	_	Begin=402.52	_	_	_	0-5(30)
143-1	PST203	143	1	perché	perché	_	_	_	_	_	linguistic	_	ContainsVariation=No	_	_	_	_	_	0-6(30)
143-2	PST203	143	2	io	io	_	_	_	_	_	linguistic	_	ContainsVariation=No	_	_	_	_	_	0-2(30)
143-3	PST203	143	3	lo	lo	_	_	_	_	_	linguistic	_	ContainsVariation=No	_	_	_	_	_	0-2(30)
143-4	PST203	143	4	s~]	s~	_	_	_	_	_	linguistic	_	ContainsVariation=No	Interrupted=Yes	End=403.7	_	_	_	0-2(30)
144-0	PST092	144	0	da	da	_	_	_	_	_	linguistic	_	ContainsVariation=No	_	Begin=407.66	_	_	_	_
144-1	PST092	144	1	un'	un'	_	_	_	_	_	linguistic	_	ContainsVariation=No	SpaceAfter=No	_	_	_	_	_
144-2	PST092	144	2	altra	altra	_	_	_	_	_	linguistic	_	ContainsVariation=No	_	_	_	_	_	_
144-3	PST092	144	3	parte	parte	_	_	_	_	_	linguistic	_	ContainsVariation=No	_	_	_	_	_	_
144-4	PST092	144	4	così	così	_	_	_	_	_	linguistic	_	ContainsVariation=No	_	_	_	_	_	_
144-5	PST092	144	5	da	da	_	_	_	_	_	linguistic	_	ContainsVariation=No	_	_	_	_	_	_
144-6	PST092	144	6	alternare	alternare	_	_	_	_	_	linguistic	_	ContainsVariation=No	_	_	_	_	_	_
144-7	PST092	144	7	i	i	_	_	_	_	_	linguistic	_	ContainsVariation=No	_	_	_	_	_	_
144-8	PST092	144	8	balli	balli	_	_	_	_	_	linguistic	_	ContainsVariation=No	_	_	_	_	_	_
144-9	PST092	144	9	e	e	_	_	_	_	_	linguistic	_	ContainsVariation=No	_	_	_	_	_	_
144-10	PST092	144	10	@michi	@michi	_	_	_	_	_	anonymized	_	ContainsVariation=No	Anonymized=Yes	_	_	_	_	_
144-11	PST092	144	11	mentre	mentre	_	_	_	_	_	linguistic	_	ContainsVariation=No	_	_	_	_	_	_
144-12	PST092	144	12	spiega	spiega	_	_	_	_	_	linguistic	_	ContainsVariation=No	_	_	_	_	_	_
144-13	PST092	144	13	e	e	_	_	_	_	_	linguistic	_	ContainsVariation=No	_	_	_	_	_	_
144-14	PST092	144	14	si	si	_	_	_	_	_	linguistic	_	ContainsVariation=No	_	_	_	_	_	_
144-15	PST092	144	15	sente	sente	_	_	_	_	_	linguistic	_	ContainsVariation=No	_	_	_	_	_	_
144-16	PST092	144	16	in	in	_	_	_	_	_	linguistic	_	ContainsVariation=No	_	_	_	_	_	_
144-17	PST092	144	17	sottofondo	sottofondo	_	_	_	_	_	linguistic	_	ContainsVariation=No	_	_	_	_	_	_
144-18	PST092	144	18	la	la	_	_	_	_	_	linguistic	_	ContainsVariation=No	_	_	_	_	_	_
144-19	PST092	144	19	musica	musica	_	_	_	_	_	linguistic	_	ContainsVariation=No	_	End=413.28	_	_	_	_
145-0	PST092	145	0	[così]	così	_	_	_	_	_	linguistic	_	ContainsVariation=No	_	Begin=413.59	_	_	_	0-4(31)
145-1	PST092	145	1	da	da	_	_	_	_	_	linguistic	_	ContainsVariation=No	_	_	_	_	_	_
145-2	PST092	145	2	non	non	_	_	_	_	_	linguistic	_	ContainsVariation=No	_	_	_	_	_	_
145-3	PST092	145	3	fare	fare	_	_	_	_	_	linguistic	_	ContainsVariation=No	_	_	_	_	_	_
145-4	PST092	145	4	tipo:	tipo	_	_	_	_	_	linguistic	_	ContainsVariation=No	_	End=415.08	3x1	_	_	_
146-0	PST087	146	0	[sì]	sì	_	_	_	_	_	linguistic	_	ContainsVariation=No	_	Begin=413.61|End=413.89	_	_	_	0-2(31)
147-0	PST092	147	0	una	una	_	_	_	_	_	linguistic	_	ContainsVariation=No	_	Begin=415.44	_	_	_	_
147-1	PST092	147	1	cosa	cosa	_	_	_	_	_	linguistic	_	ContainsVariation=No	_	_	_	_	_	_
147-2	PST092	147	2	sopra	sopra	_	_	_	_	_	linguistic	_	ContainsVariation=No	_	_	_	_	_	_
147-3	PST092	147	3	l'	l'	_	_	_	_	_	linguistic	_	ContainsVariation=No	SpaceAfter=No	_	_	_	_	_
147-4	PST092	147	4	altr[a]	altra	_	_	_	_	_	linguistic	_	ContainsVariation=No	_	End=416.38	_	_	_	3-5(32)
148-0	PST211	148	0	mh[mh]	mhmh	_	_	_	_	_	linguistic	_	ContainsVariation=No	_	Begin=416.33|End=416.71	_	_	_	2-4(33)
149-0	PST203	149	0	[lei]	lei	_	_	_	_	_	linguistic	_	ContainsVariation=No	_	Begin=416.54	_	_	_	0-3(33)
149-1	PST203	149	1	aveva	aveva	_	_	_	_	_	linguistic	_	ContainsVariation=No	_	_	_	_	_	_
149-2	PST203	149	2	in	in	_	_	_	_	_	linguistic	_	ContainsVariation=No	_	_	_	_	_	_
149-3	PST203	149	3	mente	mente	_	_	_	_	_	linguistic	_	ContainsVariation=No	_	_	_	_	_	_
149-4	PST203	149	4	la	la	_	_	_	_	_	linguistic	_	ContainsVariation=No	_	_	_	_	_	_
149-5	PST203	149	5	re[action	reaction	_	_	_	_	_	linguistic	_	ContainsVariation=No	_	_	_	_	_	2-8(34)
149-6	PST203	149	6	proprio]	proprio	_	_	_	_	_	linguistic	_	ContainsVariation=No	_	_	_	_	_	0-7(34)
149-7	PST203	149	7	da	da	_	_	_	_	_	linguistic	_	ContainsVariation=No	_	_	_	_	_	_
149-8	PST203	149	8	da	da	_	_	_	_	_	linguistic	_	ContainsVariation=No	_	_	_	_	_	_
149-9	PST203	149	9	twitch	twitch	_	_	_	_	_	linguistic	_	ContainsVariation=No	_	End=419.15	_	_	_	_
150-0	PST092	150	0	[sì	sì	_	_	_	_	_	linguistic	_	ContainsVariation=No	_	Begin=417.5	_	_	_	0-2(34)
150-1	PST092	150	1	sì	sì	_	_	_	_	_	linguistic	_	ContainsVariation=No	_	_	_	_	_	0-2(34)
150-2	PST092	150	2	sì]	sì	_	_	_	_	_	linguistic	_	ContainsVariation=No	_	End=418.11	_	_	_	0-2(34)
151-0	PST211	151	0	[m::h]	mh	_	_	_	_	_	linguistic	_	ContainsVariation=No	_	Begin=419.19|End=419.66	0x2	_	_	0-2(?)
152-0	PST092	152	0	((ride))	((ride))	_	_	_	_	_	nonverbalbehavior	_	ContainsVariation=No	_	Begin=420.9	_	_	_	_
152-1	PST092	152	1	eh	eh	_	_	_	_	_	linguistic	_	ContainsVariation=No	_	_	_	_	_	_
152-2	PST092	152	2	mi	mi	_	_	_	_	_	linguistic	_	ContainsVariation=No	_	_	_	_	_	_
152-3	PST092	152	3	è	è	_	_	_	_	_	linguistic	_	ContainsVariation=No	_	_	_	_	_	_
152-4	PST092	152	4	venuta	venuta	_	_	_	_	_	linguistic	_	ContainsVariation=No	_	_	_	_	_	_
152-5	PST092	152	5	in	in	_	_	_	_	_	linguistic	_	ContainsVariation=No	_	_	_	_	_	_
152-6	PST092	152	6	mentequella	mentequella	_	_	_	_	_	linguistic	_	ContainsVariation=No	_	End=422.41	_	_	_	_
153-0	PST203	153	0	@edoardo	@edoardo	_	_	_	_	_	anonymized	_	ContainsVariation=No	Anonymized=Yes	Begin=425.06	_	_	_	_
153-1	PST203	153	1	tu	tu	_	_	_	_	_	linguistic	_	ContainsVariation=No	_	_	_	_	_	_
153-2	PST203	153	2	lo	lo	_	_	_	_	_	linguistic	_	ContainsVariation=No	_	_	_	_	_	_
153-3	PST203	153	3	sai	sai	_	_	_	_	_	linguistic	_	ContainsVariation=No	_	_	_	_	_	_
153-4	PST203	153	4	che	che	_	_	_	_	_	linguistic	_	ContainsVariation=No	_	_	_	_	_	_
153-5	PST203	153	5	cos'	cos'	_	_	_	_	_	linguistic	_	ContainsVariation=No	SpaceAfter=No	_	_	_	_	_
153-6	PST203	153	6	è	è	_	_	_	_	_	linguistic	_	ContainsVariation=No	_	_	_	_	_	_
153-7	PST203	153	7	la	la	_	_	_	_	_	linguistic	_	ContainsVariation=No	_	_	_	_	_	_
153-8	PST203	153	8	reaction?	reaction	_	_	_	_	_	linguistic	_	ContainsVariation=No	Intonation=Rising	End=427.47	_	_	_	_
154-0	PST211	154	0	non	non	_	_	_	_	_	linguistic	_	ContainsVariation=No	_	Begin=430.67	_	_	_	_
154-1	PST211	154	1	lo	lo	_	_	_	_	_	linguistic	_	ContainsVariation=No	_	_	_	_	_	_
154-2	PST211	154	2	sa	sa	_	_	_	_	_	linguistic	_	ContainsVariation=No	_	_	_	_	_	_
154-3	PST211	154	3	e	e	_	_	_	_	_	linguistic	_	ContainsVariation=No	_	_	_	_	_	_
154-4	PST211	154	4	non	non	_	_	_	_	_	linguistic	_	ContainsVariation=No	_	_	_	_	_	_
154-5	PST211	154	5	lo	lo	_	_	_	_	_	linguistic	_	ContainsVariation=No	_	_	_	_	_	_
154-6	PST211	154	6	vuole	vuole	_	_	_	_	_	linguistic	_	ContainsVariation=No	_	_	_	_	_	_
154-7	PST211	154	7	sapere	sapere	_	_	_	_	_	linguistic	_	ContainsVariation=No	_	_	_	_	_	_
154-8	PST211	154	8	((ride))	((ride))	_	_	_	_	_	nonverbalbehavior	_	ContainsVariation=No	_	End=433.19	_	_	_	_
155-0	PST203	155	0	eh	eh	_	_	_	_	_	linguistic	_	ContainsVariation=No	_	Begin=433.36	_	_	_	_
155-1	PST203	155	1	lo	lo	_	_	_	_	_	linguistic	_	ContainsVariation=No	_	_	_	_	_	_
155-2	PST203	155	2	so	so	_	_	_	_	_	linguistic	_	ContainsVariation=No	_	_	_	_	_	_
155-3	PST203	155	3	ma	ma	_	_	_	_	_	linguistic	_	ContainsVariation=No	_	_	_	_	_	_
155-4	PST203	155	4	immagino	immagino	_	_	_	_	_	linguistic	_	ContainsVariation=No	_	_	_	_	_	_
155-5	PST203	155	5	che:	che	_	_	_	_	_	linguistic	_	ContainsVariation=No	_	_	2x1	_	_	_
155-6	PST203	155	6	i	i	_	_	_	_	_	linguistic	_	ContainsVariation=No	_	_	_	_	_	_
155-7	PST203	155	7	registi	registi	_	_	_	_	_	linguistic	_	ContainsVariation=No	_	_	_	_	_	_
155-8	PST203	155	8	sono	sono	_	_	_	_	_	linguistic	_	ContainsVariation=No	_	_	_	_	_	_
155-9	PST203	155	9	sempre	sempre	_	_	_	_	_	linguistic	_	ContainsVariation=No	_	_	_	_	_	_
155-10	PST203	155	10	contro	contro	_	_	_	_	_	linguistic	_	ContainsVariation=No	_	_	_	_	_	_
155-11	PST203	155	11	a	a	_	_	_	_	_	linguistic	_	ContainsVariation=No	_	_	_	_	_	_
155-12	PST203	155	12	queste	queste	_	_	_	_	_	linguistic	_	ContainsVariation=No	_	_	_	_	_	_
155-13	PST203	155	13	[cose]	cose	_	_	_	_	_	linguistic	_	ContainsVariation=No	_	End=437.1	_	_	_	0-4(35)
156-0	??	156	0	[tanto]	tanto	_	_	_	_	_	linguistic	_	ContainsVariation=No	_	Begin=436.77	_	_	_	0-5(35)
156-1	??	156	1	è	è	_	_	_	_	_	linguistic	_	ContainsVariation=No	_	_	_	_	_	_
156-2	??	156	2	una	una	_	_	_	_	_	linguistic	_	ContainsVariation=No	_	_	_	_	_	_
156-3	??	156	3	lingua	lingua	_	_	_	_	_	linguistic	_	ContainsVariation=No	_	_	_	_	_	_
156-4	??	156	4	talmente	talmente	_	_	_	_	_	linguistic	_	ContainsVariation=No	_	_	_	_	_	_
156-5	??	156	5	barbara	barbara	_	_	_	_	_	linguistic	_	ContainsVariation=No	_	_	_	_	_	_
156-6	??	156	6	che	che	_	_	_	_	_	linguistic	_	ContainsVariation=No	_	_	_	_	_	_
156-7	??	156	7	deve	deve	_	_	_	_	_	linguistic	_	ContainsVariation=No	_	_	_	_	_	_
156-8	??	156	8	usare	usare	_	_	_	_	_	linguistic	_	ContainsVariation=No	_	_	_	_	_	_
156-9	??	156	9	il	il	_	_	_	_	_	linguistic	_	ContainsVariation=No	_	_	_	_	_	_
156-10	??	156	10	latino	latino	_	_	_	_	_	linguistic	_	ContainsVariation=No	_	_	_	_	_	_
156-11	??	156	11	quindi	quindi	_	_	_	_	_	linguistic	_	ContainsVariation=No	_	_	_	_	_	_
156-12	??	156	12	ho	ho	_	_	_	_	_	linguistic	_	ContainsVariation=No	_	_	_	_	_	_
156-13	??	156	13	capito	capito	_	_	_	_	_	linguistic	_	ContainsVariation=No	_	_	_	_	_	_
156-14	??	156	14	lo	lo	_	_	_	_	_	linguistic	_	ContainsVariation=No	_	_	_	_	_	_
156-15	??	156	15	stesso	stesso	_	_	_	_	_	linguistic	_	ContainsVariation=No	_	_	_	_	_	_
156-16	??	156	16	la	la	_	_	_	_	_	linguistic	_	ContainsVariation=No	_	_	_	_	_	_
156-17	??	156	17	relazione	relazione	_	_	_	_	_	linguistic	_	ContainsVariation=No	_	_	_	_	_	_
156-18	??	156	18	perché	perché	_	_	_	_	_	linguistic	_	ContainsVariation=No	_	End=442.76	_	_	_	_
157-0	??	157	0	alla	alla	_	_	_	_	_	linguistic	_	ContainsVariation=No	_	Begin=443.28	_	_	_	_
157-1	??	157	1	fine	fine	_	_	_	_	_	linguistic	_	ContainsVariation=No	_	_	_	_	_	_
157-2	??	157	2	c'	c'	_	_	_	_	_	linguistic	_	ContainsVariation=No	SpaceAfter=No	_	_	_	_	_
157-3	??	157	3	hanno	hanno	_	_	_	_	_	linguistic	_	ContainsVariation=No	_	_	_	_	_	_
157-4	??	157	4	quattro	quattro	_	_	_	_	_	linguistic	_	ContainsVariation=No	_	_	_	_	_	_
157-5	??	157	5	vocaboli	vocaboli	_	_	_	_	_	linguistic	_	ContainsVariation=No	_	_	_	_	_	_
157-6	??	157	6	gli	gli	_	_	_	_	_	linguistic	_	ContainsVariation=No	_	_	_	_	_	_
157-7	??	157	7	altri	altri	_	_	_	_	_	linguistic	_	ContainsVariation=No	_	_	_	_	_	_
157-8	??	157	8	sono	sono	_	_	_	_	_	linguistic	_	ContainsVariation=No	_	_	_	_	_	_
157-9	??	157	9	i	i	_	_	_	_	_	linguistic	_	ContainsVariation=No	_	_	_	_	_	_
157-10	??	157	10	nostri	nostri	_	_	_	_	_	linguistic	_	ContainsVariation=No	_	_	_	_	_	_
157-11	??	157	11	x	x	_	_	_	_	_	unknown	_	ContainsVariation=No	Syllables=1	_	_	_	_	_
157-12	??	157	12	xx	xx	_	_	_	_	_	unknown	_	ContainsVariation=No	Syllables=2	_	_	_	_	_
157-13	??	157	13	xx	xx	_	_	_	_	_	unknown	_	ContainsVariation=No	Syllables=2	End=446.82	_	_	_	_
158-0	PST092	158	0	[tesse]	tesse	_	_	_	_	_	linguistic	_	ContainsVariation=No	_	Begin=447.245|End=448.418	_	_	_	0-5(36)
159-0	??	159	0	[parlo	parlo	_	_	_	_	_	linguistic	_	ContainsVariation=No	_	Begin=447.245	_	_	_	0-5(36)
159-1	??	159	1	dell'	dell'	_	_	_	_	_	linguistic	_	ContainsVariation=No	SpaceAfter=No	_	_	_	_	0-5(36)
159-2	??	159	2	inglese]	inglese	_	_	_	_	_	linguistic	_	ContainsVariation=No	_	End=448.418	_	_	_	0-7(36)
160-0	PST092	160	0	[sì]	sì	_	_	_	_	_	linguistic	_	ContainsVariation=No	_	Begin=448.672|End=449.19	_	_	_	0-2(37)
161-0	PST211	161	0	[tessere]	tessere	_	_	_	_	_	linguistic	_	ContainsVariation=No	_	Begin=448.672|End=449.19	_	_	_	0-7(37)
162-0	PST083	162	0	no	no	_	_	_	_	_	linguistic	_	ContainsVariation=No	_	Begin=449.864	_	_	_	_
162-1	PST083	162	1	cioè	cioè	_	_	_	_	_	linguistic	_	ContainsVariation=No	_	End=450.573	_	_	_	_
163-0	PST083	163	0	@georgeta	@georgeta	_	_	_	_	_	anonymized	_	ContainsVariation=No	Anonymized=Yes	Begin=450.873|End=451.773	_	_	_	_
164-0	PST211	164	0	tesse	tesse	_	_	_	_	_	linguistic	_	ContainsVariation=No	_	Begin=452.1|End=452.682	_	_	_	_
165-0	PST083	165	0	tesse	tesse	_	_	_	_	_	linguistic	_	ContainsVariation=No	PauseAfter=Yes	Begin=452.763	_	_	_	_
165-1	PST083	165	1	(.)	(.)	_	_	_	_	_	shortpause	_	ContainsVariation=No	_	_	_	_	_	_
165-2	PST083	165	2	okay	okay	_	_	_	_	_	linguistic	_	ContainsVariation=No	_	End=453.954	_	_	_	_
166-0	PST211	166	0	@georgeta	@georgeta	_	_	_	_	_	anonymized	_	ContainsVariation=No	Anonymized=Yes	Begin=454.736	_	_	_	_
166-1	PST211	166	1	è	è	_	_	_	_	_	linguistic	_	ContainsVariation=No	_	_	_	_	_	_
166-2	PST211	166	2	tua	tua	_	_	_	_	_	linguistic	_	ContainsVariation=No	_	_	_	_	_	_
166-3	PST211	166	3	mamma	mamma	_	_	_	_	_	linguistic	_	ContainsVariation=No	_	End=455.57	_	_	_	_
167-0	PST083	167	0	[sì]	sì	_	_	_	_	_	linguistic	_	ContainsVariation=No	_	Begin=455.57|End=455.96	_	_	_	0-2(38)
168-0	PST203	168	0	[@georgeta	@georgeta	_	_	_	_	_	anonymized	_	ContainsVariation=No	Anonymized=Yes	Begin=455.61	_	_	_	0-9(38)
168-1	PST203	168	1	è	è	_	_	_	_	_	linguistic	_	ContainsVariation=No	_	_	_	_	_	0-1(38)
168-2	PST203	168	2	tua	tua	_	_	_	_	_	linguistic	_	ContainsVariation=No	_	_	_	_	_	0-3(38)
168-3	PST203	168	3	mamm~]?	mamm~	_	_	_	_	_	linguistic	_	ContainsVariation=No	Intonation=Rising|Interrupted=Yes	End=456.34	_	_	_	0-5(38)
169-0	PST083	169	0	e::h	eh	_	_	_	_	_	linguistic	_	ContainsVariation=No	_	Begin=456.554	0x2	_	_	_
169-1	PST083	169	1	l'	l'	_	_	_	_	_	linguistic	_	ContainsVariation=No	SpaceAfter=No	_	_	_	_	_
169-2	PST083	169	2	ho	ho	_	_	_	_	_	linguistic	_	ContainsVariation=No	_	_	_	_	_	_
169-3	PST083	169	3	scritto	scritto	_	_	_	_	_	linguistic	_	ContainsVariation=No	_	_	_	_	_	_
169-4	PST083	169	4	poi	poi	_	_	_	_	_	linguistic	_	ContainsVariation=No	_	_	_	_	_	_
169-5	PST083	169	5	tra	tra	_	_	_	_	_	linguistic	_	ContainsVariation=No	_	_	_	_	_	_
169-6	PST083	169	6	parentesi	parentesi	_	_	_	_	_	linguistic	_	ContainsVariation=No	_	_	_	_	_	_
169-7	PST083	169	7	nel	nel	_	_	_	_	_	linguistic	_	ContainsVariation=No	_	_	_	_	_	_
169-8	PST083	169	8	caso	caso	_	_	_	_	_	linguistic	_	ContainsVariation=No	_	_	_	_	_	_
169-9	PST083	169	9	perché	perché	_	_	_	_	_	linguistic	_	ContainsVariation=No	_	_	_	_	_	_
169-10	PST083	169	10	ce	ce	_	_	_	_	_	linguistic	_	ContainsVariation=No	_	_	_	_	_	_
169-11	PST083	169	11	n'	n'	_	_	_	_	_	linguistic	_	ContainsVariation=No	SpaceAfter=No	_	_	_	_	_
169-12	PST083	169	12	è	è	_	_	_	_	_	linguistic	_	ContainsVariation=No	_	_	_	_	_	_
169-13	PST083	169	13	anche	anche	_	_	_	_	_	linguistic	_	ContainsVariation=No	_	_	_	_	_	_
169-14	PST083	169	14	un'	un'	_	_	_	_	_	linguistic	_	ContainsVariation=No	SpaceAfter=No	_	_	_	_	_
169-15	PST083	169	15	altra	altra	_	_	_	_	_	linguistic	_	ContainsVariation=No	_	_	_	_	_	_
169-16	PST083	169	16	di	di	_	_	_	_	_	linguistic	_	ContainsVariation=No	_	_	_	_	_	_
169-17	PST083	169	17	@georgeta	@georgeta	_	_	_	_	_	anonymized	_	ContainsVariation=No	Anonymized=Yes	_	_	_	_	_
169-18	PST083	169	18	quindi	quindi	_	_	_	_	_	linguistic	_	ContainsVariation=No	_	End=460.491	_	_	_	_
170-0	PST211	170	0	okay	okay	_	_	_	_	_	linguistic	_	ContainsVariation=No	_	Begin=460.499|End=460.8945	_	_	_	_
171-0	PST203	171	0	bo	bo	_	_	_	_	_	linguistic	_	ContainsVariation=No	_	Begin=460.8945	_	_	_	_
171-1	PST203	171	1	abbiamo	abbiamo	_	_	_	_	_	linguistic	_	ContainsVariation=No	_	_	_	_	_	_
171-2	PST203	171	2	un	un	_	_	_	_	_	linguistic	_	ContainsVariation=No	_	_	_	_	_	_
171-3	PST203	171	3	po'	po'	_	_	_	_	_	linguistic	_	ContainsVariation=No	_	_	_	_	_	_
171-4	PST203	171	4	di	di	_	_	_	_	_	linguistic	_	ContainsVariation=No	_	_	_	_	_	_
171-5	PST203	171	5	scene	scene	_	_	_	_	_	linguistic	_	ContainsVariation=No	_	End=462.499	_	_	_	_
172-0	PST087	172	0	a:[:h],	ah	_	_	_	_	_	linguistic	_	ContainsVariation=No	Intonation=WeaklyRising	Begin=465.263|End=465.872	0x2	_	_	1-2(39)
173-0	PST211	173	0	[abbi]amo	abbiamo	_	_	_	_	_	linguistic	_	ContainsVariation=No	_	Begin=465.509|End=466.227	_	_	_	0-4(39)
174-0	PST087	174	0	o	o	_	_	_	_	_	linguistic	_	ContainsVariation=No	_	Begin=466.254	_	_	_	_
174-1	PST087	174	1	se	se	_	_	_	_	_	linguistic	_	ContainsVariation=No	_	_	_	_	_	_
174-2	PST087	174	2	no	no	_	_	_	_	_	linguistic	_	ContainsVariation=No	_	_	_	_	_	_
174-3	PST087	174	3	tipo	tipo	_	_	_	_	_	linguistic	_	ContainsVariation=No	_	_	_	_	_	_
174-4	PST087	174	4	stavam	stavam	_	_	_	_	_	linguistic	_	ContainsVariation=No	_	_	_	_	_	_
174-5	PST087	174	5	pensando	pensando	_	_	_	_	_	linguistic	_	ContainsVariation=No	_	_	_	_	_	_
174-6	PST087	174	6	per	per	_	_	_	_	_	linguistic	_	ContainsVariation=No	_	_	_	_	_	_
174-7	PST087	174	7	il	il	_	_	_	_	_	linguistic	_	ContainsVariation=No	_	_	_	_	_	_
174-8	PST087	174	8	canto	canto	_	_	_	_	_	linguistic	_	ContainsVariation=No	_	_	_	_	_	_
174-9	PST087	174	9	di	di	_	_	_	_	_	linguistic	_	ContainsVariation=No	_	_	_	_	_	_
174-10	PST087	174	10	gruppo::	gruppo	_	_	_	_	_	linguistic	_	ContainsVariation=No	_	_	5x2	_	_	_
174-11	PST087	174	11	e	e	_	_	_	_	_	linguistic	_	ContainsVariation=No	_	_	_	_	_	_
174-12	PST087	174	12	per	per	_	_	_	_	_	linguistic	_	ContainsVariation=No	_	_	_	_	_	_
174-13	PST087	174	13	l'	l'	_	_	_	_	_	linguistic	_	ContainsVariation=No	SpaceAfter=No	_	_	_	_	_
174-14	PST087	174	14	orchestra,	orchestra	_	_	_	_	_	linguistic	_	ContainsVariation=No	Intonation=WeaklyRising	End=471.091	_	_	_	_
175-0	PST087	175	0	se	se	_	_	_	_	_	linguistic	_	ContainsVariation=No	_	Begin=471.508	_	_	_	_
175-1	PST087	175	1	non	non	_	_	_	_	_	linguistic	_	ContainsVariation=No	_	_	_	_	_	_
175-2	PST087	175	2	riuscivamo	riuscivamo	_	_	_	_	_	linguistic	_	ContainsVariation=No	_	_	_	_	_	_
175-3	PST087	175	3	più	più	_	_	_	_	_	linguistic	_	ContainsVariation=No	_	_	_	_	_	_
175-4	PST087	175	4	a	a	_	_	_	_	_	linguistic	_	ContainsVariation=No	_	_	_	_	_	_
175-5	PST087	175	5	farlo	farlo	_	_	_	_	_	linguistic	_	ContainsVariation=No	_	_	_	_	_	_
175-6	PST087	175	6	magari	magari	_	_	_	_	_	linguistic	_	ContainsVariation=No	_	_	_	_	_	_
175-7	PST087	175	7	quando	quando	_	_	_	_	_	linguistic	_	ContainsVariation=No	_	_	_	_	_	_
175-8	PST087	175	8	siamo	siamo	_	_	_	_	_	linguistic	_	ContainsVariation=No	_	_	_	_	_	_
175-9	PST087	175	9	tutti	tutti	_	_	_	_	_	linguistic	_	ContainsVariation=No	_	_	_	_	_	_
175-10	PST087	175	10	vestiti	vestiti	_	_	_	_	_	linguistic	_	ContainsVariation=No	_	_	_	_	_	_
175-11	PST087	175	11	così,	così	_	_	_	_	_	linguistic	_	ContainsVariation=No	Intonation=WeaklyRising	End=475.336	_	_	_	_
176-0	PST087	176	0	di	di	_	_	_	_	_	linguistic	_	ContainsVariation=No	_	Begin=475.545	_	_	_	_
176-1	PST087	176	1	riprendere	riprendere	_	_	_	_	_	linguistic	_	ContainsVariation=No	_	_	_	_	_	_
176-2	PST087	176	2	una	una	_	_	_	_	_	linguistic	_	ContainsVariation=No	_	_	_	_	_	_
176-3	PST087	176	3	delle	delle	_	_	_	_	_	linguistic	_	ContainsVariation=No	_	_	_	_	_	_
176-4	PST087	176	4	lezioni	lezioni	_	_	_	_	_	linguistic	_	ContainsVariation=No	_	_	_	_	_	_
176-5	PST087	176	5	di	di	_	_	_	_	_	linguistic	_	ContainsVariation=No	_	_	_	_	_	_
176-6	PST087	176	6	canto	canto	_	_	_	_	_	linguistic	_	ContainsVariation=No	PauseAfter=Yes	_	_	_	_	_
176-7	PST087	176	7	(.)	(.)	_	_	_	_	_	shortpause	_	ContainsVariation=No	_	_	_	_	_	_
176-8	PST087	176	8	in	in	_	_	_	_	_	linguistic	_	ContainsVariation=No	_	_	_	_	_	_
176-9	PST087	176	9	cui	cui	_	_	_	_	_	linguistic	_	ContainsVariation=No	_	_	_	_	_	_
176-10	PST087	176	10	ma[gari	magari	_	_	_	_	_	linguistic	_	ContainsVariation=No	_	_	_	_	_	2-6(40)
176-11	PST087	176	11	facciamo	facciamo	_	_	_	_	_	linguistic	_	ContainsVariation=No	_	_	_	_	_	0-8(40)
176-12	PST087	176	12	del]le	delle	_	_	_	_	_	linguistic	_	ContainsVariation=No	_	_	_	_	_	0-3(40)
176-13	PST087	176	13	dei	dei	_	_	_	_	_	linguistic	_	ContainsVariation=No	_	_	_	_	_	_
176-14	PST087	176	14	le	le	_	_	_	_	_	linguistic	_	ContainsVariation=No	_	_	_	_	_	_
176-15	PST087	176	15	canzoni	canzoni	_	_	_	_	_	linguistic	_	ContainsVariation=No	_	_	_	_	_	_
176-16	PST087	176	16	di	di	_	_	_	_	_	linguistic	_	ContainsVariation=No	_	_	_	_	_	_
176-17	PST087	176	17	gruppo	gruppo	_	_	_	_	_	linguistic	_	ContainsVariation=No	_	_	_	_	_	_
176-18	PST087	176	18	ri[scaldamento	riscaldamento	_	_	_	_	_	linguistic	_	ContainsVariation=No	_	_	_	_	_	2-13(41)
176-19	PST087	176	19	vocale]	vocale	_	_	_	_	_	linguistic	_	ContainsVariation=No	PauseAfter=Yes	_	_	_	_	0-6(41)
176-20	PST087	176	20	(.)	(.)	_	_	_	_	_	shortpause	_	ContainsVariation=No	_	_	_	_	_	_
176-21	PST087	176	21	sì	sì	_	_	_	_	_	linguistic	_	ContainsVariation=No	_	_	_	_	_	_
176-22	PST087	176	22	e	e	_	_	_	_	_	linguistic	_	ContainsVariation=No	_	_	_	_	_	_
176-23	PST087	176	23	poi	poi	_	_	_	_	_	linguistic	_	ContainsVariation=No	_	_	_	_	_	_
176-24	PST087	176	24	con	con	_	_	_	_	_	linguistic	_	ContainsVariation=No	_	_	_	_	_	_
176-25	PST087	176	25	l'	l'	_	_	_	_	_	linguistic	_	ContainsVariation=No	SpaceAfter=No	_	_	_	_	_
176-26	PST087	176	26	orch~	orch~	_	_	_	_	_	linguistic	_	ContainsVariation=No	Interrupted=Yes	End=484.2	_	_	_	_
177-0	PST203	177	0	[mhmh]	mhmh	_	_	_	_	_	linguistic	_	ContainsVariation=No	_	Begin=478.44|End=479.22	_	_	_	0-4(40)
178-0	PST092	178	0	[e	e	_	_	_	_	_	linguistic	_	ContainsVariation=No	_	Begin=481.13	_	_	_	0-1(41)
178-1	PST092	178	1	con	con	_	_	_	_	_	linguistic	_	ContainsVariation=No	_	_	_	_	_	0-3(41)
178-2	PST092	178	2	i	i	_	_	_	_	_	linguistic	_	ContainsVariation=No	_	_	_	_	_	0-1(41)
178-3	PST092	178	3	ragazzi	ragazzi	_	_	_	_	_	linguistic	_	ContainsVariation=No	_	_	_	_	_	0-7(41)
178-4	PST092	178	4	dietro]	dietro	_	_	_	_	_	linguistic	_	ContainsVariation=No	_	End=482.41	_	_	_	0-6(41)
179-0	PST092	179	0	con	con	_	_	_	_	_	linguistic	_	ContainsVariation=No	_	Begin=484.418	_	_	_	_
179-1	PST092	179	1	i	i	_	_	_	_	_	linguistic	_	ContainsVariation=No	_	_	_	_	_	_
179-2	PST092	179	2	ragazzi	ragazzi	_	_	_	_	_	linguistic	_	ContainsVariation=No	_	_	_	_	_	_
179-3	PST092	179	3	dietro	dietro	_	_	_	_	_	linguistic	_	ContainsVariation=No	_	_	_	_	_	_
179-4	PST092	179	4	che	che	_	_	_	_	_	linguistic	_	ContainsVariation=No	_	_	_	_	_	_
179-5	PST092	179	5	suonano	suonano	_	_	_	_	_	linguistic	_	ContainsVariation=No	_	End=485.918	_	_	_	_
180-0	PST203	180	0	allora	allora	_	_	_	_	_	linguistic	_	ContainsVariation=No	_	Begin=486.454	_	_	_	_
180-1	PST203	180	1	da	da	_	_	_	_	_	linguistic	_	ContainsVariation=No	_	_	_	_	_	_
180-2	PST203	180	2	questo	questo	_	_	_	_	_	linguistic	_	ContainsVariation=No	_	_	_	_	_	_
180-3	PST203	180	3	momento	momento	_	_	_	_	_	linguistic	_	ContainsVariation=No	_	_	_	_	_	_
180-4	PST203	180	4	siete	siete	_	_	_	_	_	linguistic	_	ContainsVariation=No	_	_	_	_	_	_
180-5	PST203	180	5	voi.	voi	_	_	_	_	_	linguistic	_	ContainsVariation=No	Intonation=Falling	End=488.563	_	_	_	_
181-0	PST203	181	0	nel	nel	_	_	_	_	_	linguistic	_	ContainsVariation=No	_	Begin=489.017	_	_	_	_
181-1	PST203	181	1	senso	senso	_	_	_	_	_	linguistic	_	ContainsVariation=No	_	_	_	_	_	_
181-2	PST203	181	2	che	che	_	_	_	_	_	linguistic	_	ContainsVariation=No	_	End=489.872	_	_	_	_
182-0	PST203	182	0	tutto	tutto	_	_	_	_	_	linguistic	_	ContainsVariation=No	_	Begin=490.109	_	_	_	_
182-1	PST203	182	1	quello	quello	_	_	_	_	_	linguistic	_	ContainsVariation=No	_	_	_	_	_	_
182-2	PST203	182	2	che	che	_	_	_	_	_	linguistic	_	ContainsVariation=No	_	_	_	_	_	_
182-3	PST203	182	3	potete	potete	_	_	_	_	_	linguistic	_	ContainsVariation=No	_	_	_	_	_	_
182-4	PST203	182	4	fare	fare	_	_	_	_	_	linguistic	_	ContainsVariation=No	_	_	_	_	_	_
182-5	PST203	182	5	con	con	_	_	_	_	_	linguistic	_	ContainsVariation=No	_	_	_	_	_	_
182-6	PST203	182	6	il	il	_	_	_	_	_	linguistic	_	ContainsVariation=No	_	_	_	_	_	_
182-7	PST203	182	7	cellulare	cellulare	_	_	_	_	_	linguistic	_	ContainsVariation=No	_	_	_	_	_	_
182-8	PST203	182	8	in	in	_	_	_	_	_	linguistic	_	ContainsVariation=No	_	_	_	_	_	_
182-9	PST203	182	9	questi	questi	_	_	_	_	_	linguistic	_	ContainsVariation=No	_	_	_	_	_	_
182-10	PST203	182	10	momenti	momenti	_	_	_	_	_	linguistic	_	ContainsVariation=No	PauseAfter=Yes	_	_	_	_	_
182-11	PST203	182	11	(.)	(.)	_	_	_	_	_	shortpause	_	ContainsVariation=No	_	_	_	_	_	_
182-12	PST203	182	12	lo	lo	_	_	_	_	_	linguistic	_	ContainsVariation=No	_	_	_	_	_	_
182-13	PST203	182	13	fate.	fate	_	_	_	_	_	linguistic	_	ContainsVariation=No	Intonation=Falling	End=494.945	_	_	_	_
183-0	PST203	183	0	okay?	okay	_	_	_	_	_	linguistic	_	ContainsVariation=No	Intonation=Rising	Begin=495.3|End=495.664	_	_	_	_
184-0	PST203	184	0	quindi	quindi	_	_	_	_	_	linguistic	_	ContainsVariation=No	_	Begin=496.181	_	_	_	_
184-1	PST203	184	1	non	non	_	_	_	_	_	linguistic	_	ContainsVariation=No	_	_	_	_	_	_
184-2	PST203	184	2	non	non	_	_	_	_	_	linguistic	_	ContainsVariation=No	_	_	_	_	_	_
184-3	PST203	184	3	aspettate	aspettate	_	_	_	_	_	linguistic	_	ContainsVariation=No	_	_	_	_	_	_
184-4	PST203	184	4	più	più	_	_	_	_	_	linguistic	_	ContainsVariation=No	_	_	_	_	_	_
184-5	PST203	184	5	che	che	_	_	_	_	_	linguistic	_	ContainsVariation=No	_	_	_	_	_	_
184-6	PST203	184	6	vi	vi	_	_	_	_	_	linguistic	_	ContainsVariation=No	_	_	_	_	_	_
184-7	PST203	184	7	diciamo	diciamo	_	_	_	_	_	linguistic	_	ContainsVariation=No	_	_	_	_	_	_
184-8	PST203	184	8	noi:	noi	_	_	_	_	_	linguistic	_	ContainsVariation=No	_	_	2x1	_	_	_
184-9	PST203	184	9	okay	okay	_	_	_	_	_	linguistic	_	ContainsVariation=No	_	_	_	_	_	_
184-10	PST203	184	10	vai	vai	_	_	_	_	_	linguistic	_	ContainsVariation=No	_	_	_	_	_	_
184-11	PST203	184	11	fai	fai	_	_	_	_	_	linguistic	_	ContainsVariation=No	_	_	_	_	_	_
184-12	PST203	184	12	pre~	pre~	_	_	_	_	_	linguistic	_	ContainsVariation=No	Interrupted=Yes|PauseAfter=Yes	_	_	_	_	_
184-13	PST203	184	13	(.)	(.)	_	_	_	_	_	shortpause	_	ContainsVariation=No	_	_	_	_	_	_
184-14	PST203	184	14	no	no	_	_	_	_	_	linguistic	_	ContainsVariation=No	_	End=500.554	_	_	_	_
185-0	PST203	185	0	prendi	prendi	_	_	_	_	_	linguistic	_	ContainsVariation=No	_	Begin=501.218	_	_	_	_
185-1	PST203	185	1	il	il	_	_	_	_	_	linguistic	_	ContainsVariation=No	_	_	_	_	_	_
185-2	PST203	185	2	cellulare	cellulare	_	_	_	_	_	linguistic	_	ContainsVariation=No	_	_	_	_	_	_
185-3	PST203	185	3	fai	fai	_	_	_	_	_	linguistic	_	ContainsVariation=No	_	_	_	_	_	_
185-4	PST203	185	4	una	una	_	_	_	_	_	linguistic	_	ContainsVariation=No	_	_	_	_	_	_
185-5	PST203	185	5	scena	scena	_	_	_	_	_	linguistic	_	ContainsVariation=No	_	_	_	_	_	_
185-6	PST203	185	6	ti	ti	_	_	_	_	_	linguistic	_	ContainsVariation=No	_	_	_	_	_	_
185-7	PST203	185	7	chiedono	chiedono	_	_	_	_	_	linguistic	_	ContainsVariation=No	_	_	_	_	_	_
185-8	PST203	185	8	perché	perché	_	_	_	_	_	linguistic	_	ContainsVariation=No	_	_	_	_	_	_
185-9	PST203	185	9	dici	dici	_	_	_	_	_	linguistic	_	ContainsVariation=No	_	_	_	_	_	_
185-10	PST203	185	10	è	è	_	_	_	_	_	linguistic	_	ContainsVariation=No	_	_	_	_	_	_
185-11	PST203	185	11	per	per	_	_	_	_	_	linguistic	_	ContainsVariation=No	_	_	_	_	_	_
185-12	PST203	185	12	il	il	_	_	_	_	_	linguistic	_	ContainsVariation=No	PauseAfter=Yes	_	_	_	_	_
185-13	PST203	185	13	(.)	(.)	_	_	_	_	_	shortpause	_	ContainsVariation=No	_	_	_	_	_	_
185-14	PST203	185	14	documentario	documentario	_	_	_	_	_	linguistic	_	ContainsVariation=No	_	_	_	_	_	_
185-15	PST203	185	15	sull'	sull'	_	_	_	_	_	linguistic	_	ContainsVariation=No	SpaceAfter=No	_	_	_	_	_
185-16	PST203	185	16	asociazione	asociazione	_	_	_	_	_	linguistic	_	ContainsVariation=No	_	_	_	_	_	_
185-17	PST203	185	17	sulla	sulla	_	_	_	_	_	linguistic	_	ContainsVariation=No	_	_	_	_	_	_
185-18	PST203	185	18	cultura	cultura	_	_	_	_	_	linguistic	_	ContainsVariation=No	_	_	_	_	_	_
185-19	PST203	185	19	romena	romena	_	_	_	_	_	linguistic	_	ContainsVariation=No	_	_	_	_	_	_
185-20	PST203	185	20	a	a	_	_	_	_	_	linguistic	_	ContainsVariation=No	_	_	_	_	_	_
185-21	PST203	185	21	torino.	torino	_	_	_	_	_	linguistic	_	ContainsVariation=No	Intonation=Falling	End=509.19	_	_	_	_
186-0	PST203	186	0	okay?	okay	_	_	_	_	_	linguistic	_	ContainsVariation=No	Intonation=Rising	Begin=509.97|End=510.408	_	_	_	_
187-0	PST203	187	0	quindi	quindi	_	_	_	_	_	linguistic	_	ContainsVariation=No	_	Begin=510.6	_	_	_	_
187-1	PST203	187	1	prendete	prendete	_	_	_	_	_	linguistic	_	ContainsVariation=No	_	_	_	_	_	_
187-2	PST203	187	2	e	e	_	_	_	_	_	linguistic	_	ContainsVariation=No	_	_	_	_	_	_
187-3	PST203	187	3	fate	fate	_	_	_	_	_	linguistic	_	ContainsVariation=No	_	End=512.336	_	_	_	_
188-0	PST203	188	0	cercando	cercando	_	_	_	_	_	linguistic	_	ContainsVariation=No	_	Begin=513.09	_	_	_	_
188-1	PST203	188	1	ovviamente	ovviamente	_	_	_	_	_	linguistic	_	ContainsVariation=No	_	_	_	_	_	_
188-2	PST203	188	2	di	di	_	_	_	_	_	linguistic	_	ContainsVariation=No	_	_	_	_	_	_
188-3	PST203	188	3	applicare	applicare	_	_	_	_	_	linguistic	_	ContainsVariation=No	_	_	_	_	_	_
188-4	PST203	188	4	le	le	_	_	_	_	_	linguistic	_	ContainsVariation=No	_	_	_	_	_	_
188-5	PST203	188	5	cose	cose	_	_	_	_	_	linguistic	_	ContainsVariation=No	_	_	_	_	_	_
188-6	PST203	188	6	che	che	_	_	_	_	_	linguistic	_	ContainsVariation=No	_	_	_	_	_	_
188-7	PST203	188	7	nei	nei	_	_	_	_	_	linguistic	_	ContainsVariation=No	_	_	_	_	_	_
188-8	PST203	188	8	giorni	giorni	_	_	_	_	_	linguistic	_	ContainsVariation=No	_	_	_	_	_	_
188-9	PST203	188	9	vi	vi	_	_	_	_	_	linguistic	_	ContainsVariation=No	_	_	_	_	_	_
188-10	PST203	188	10	spieghiamo	spieghiamo	_	_	_	_	_	linguistic	_	ContainsVariation=No	_	End=517.3	_	_	_	_
189-0	PST203	189	0	però	però	_	_	_	_	_	linguistic	_	ContainsVariation=No	PauseAfter=Yes	Begin=517.727	_	_	_	_
189-1	PST203	189	1	(.)	(.)	_	_	_	_	_	shortpause	_	ContainsVariation=No	_	_	_	_	_	_
189-2	PST203	189	2	fate	fate	_	_	_	_	_	linguistic	_	ContainsVariation=No	_	End=519.027	_	_	_	_
190-0	PST203	190	0	più	più	_	_	_	_	_	linguistic	_	ContainsVariation=No	_	Begin=519.963	_	_	_	_
190-1	PST203	190	1	vi	vi	_	_	_	_	_	linguistic	_	ContainsVariation=No	_	_	_	_	_	_
190-2	PST203	190	2	vi	vi	_	_	_	_	_	linguistic	_	ContainsVariation=No	_	_	_	_	_	_
190-3	PST203	190	3	ricordate	ricordate	_	_	_	_	_	linguistic	_	ContainsVariation=No	_	_	_	_	_	_
190-4	PST203	190	4	più	più	_	_	_	_	_	linguistic	_	ContainsVariation=No	_	_	_	_	_	_
190-5	PST203	190	5	riuscite	riuscite	_	_	_	_	_	linguistic	_	ContainsVariation=No	_	_	_	_	_	_
190-6	PST203	190	6	a	a	_	_	_	_	_	linguistic	_	ContainsVariation=No	_	_	_	_	_	_
190-7	PST203	190	7	fare	fare	_	_	_	_	_	linguistic	_	ContainsVariation=No	_	_	_	_	_	_
190-8	PST203	190	8	quel	quel	_	_	_	_	_	linguistic	_	ContainsVariation=No	_	_	_	_	_	_
190-9	PST203	190	9	passaggio	passaggio	_	_	_	_	_	linguistic	_	ContainsVariation=No	_	_	_	_	_	_
190-10	PST203	190	10	che	che	_	_	_	_	_	linguistic	_	ContainsVariation=No	PauseAfter=Yes	_	_	_	_	_
190-11	PST203	190	11	(.)	(.)	_	_	_	_	_	shortpause	_	ContainsVariation=No	_	_	_	_	_	_
190-12	PST203	190	12	applicate	applicate	_	_	_	_	_	linguistic	_	ContainsVariation=No	_	_	_	_	_	_
190-13	PST203	190	13	una	una	_	_	_	_	_	linguistic	_	ContainsVariation=No	_	_	_	_	_	_
190-14	PST203	190	14	cosa	cosa	_	_	_	_	_	linguistic	_	ContainsVariation=No	_	_	_	_	_	_
190-15	PST203	190	15	che	che	_	_	_	_	_	linguistic	_	ContainsVariation=No	_	_	_	_	_	_
190-16	PST203	190	16	avete	avete	_	_	_	_	_	linguistic	_	ContainsVariation=No	_	_	_	_	_	_
190-17	PST203	190	17	ascoltato	ascoltato	_	_	_	_	_	linguistic	_	ContainsVariation=No	PauseAfter=Yes	_	_	_	_	_
190-18	PST203	190	18	(.)	(.)	_	_	_	_	_	shortpause	_	ContainsVariation=No	_	_	_	_	_	_
190-19	PST203	190	19	meglio	meglio	_	_	_	_	_	linguistic	_	ContainsVariation=No	_	_	_	_	_	_
190-20	PST203	190	20	viene	viene	_	_	_	_	_	linguistic	_	ContainsVariation=No	_	_	_	_	_	_
190-21	PST203	190	21	il	il	_	_	_	_	_	linguistic	_	ContainsVariation=No	_	_	_	_	_	_
190-22	PST203	190	22	lavoro	lavoro	_	_	_	_	_	linguistic	_	ContainsVariation=No	_	_	_	_	_	_
190-23	PST203	190	23	però,	però	_	_	_	_	_	linguistic	_	ContainsVariation=No	Intonation=WeaklyRising	End=528.0	_	_	_	_
191-0	PST203	191	0	mettetevi	mettetevi	_	_	_	_	_	linguistic	_	ContainsVariation=No	_	Begin=528.336	_	_	_	_
191-1	PST203	191	1	e	e	_	_	_	_	_	linguistic	_	ContainsVariation=No	_	_	_	_	_	_
191-2	PST203	191	2	fate	fate	_	_	_	_	_	linguistic	_	ContainsVariation=No	_	_	_	_	_	_
191-3	PST203	191	3	perché	perché	_	_	_	_	_	linguistic	_	ContainsVariation=No	_	_	_	_	_	_
191-4	PST203	191	4	non	non	_	_	_	_	_	linguistic	_	ContainsVariation=No	_	_	_	_	_	_
191-5	PST203	191	5	c'	c'	_	_	_	_	_	linguistic	_	ContainsVariation=No	SpaceAfter=No	_	_	_	_	_
191-6	PST203	191	6	è	è	_	_	_	_	_	linguistic	_	ContainsVariation=No	_	_	_	_	_	_
191-7	PST203	191	7	altro	altro	_	_	_	_	_	linguistic	_	ContainsVariation=No	_	_	_	_	_	_
191-8	PST203	191	8	modo	modo	_	_	_	_	_	linguistic	_	ContainsVariation=No	_	_	_	_	_	_
191-9	PST203	191	9	di	di	_	_	_	_	_	linguistic	_	ContainsVariation=No	_	_	_	_	_	_
191-10	PST203	191	10	imparare	imparare	_	_	_	_	_	linguistic	_	ContainsVariation=No	_	End=531.263	_	_	_	_
192-0	PST211	192	0	e	e	_	_	_	_	_	linguistic	_	ContainsVariation=No	_	Begin=531.71	_	_	_	_
192-1	PST211	192	1	poi	poi	_	_	_	_	_	linguistic	_	ContainsVariation=No	_	_	_	_	_	_
192-2	PST211	192	2	iniziate	iniziate	_	_	_	_	_	linguistic	_	ContainsVariation=No	_	_	_	_	_	_
192-3	PST211	192	3	a	a	_	_	_	_	_	linguistic	_	ContainsVariation=No	_	_	_	_	_	_
192-4	PST211	192	4	pensare	pensare	_	_	_	_	_	linguistic	_	ContainsVariation=No	_	_	_	_	_	_
192-5	PST211	192	5	invece	invece	_	_	_	_	_	linguistic	_	ContainsVariation=No	_	_	_	_	_	_
192-6	PST211	192	6	con	con	_	_	_	_	_	linguistic	_	ContainsVariation=No	_	_	_	_	_	_
192-7	PST211	192	7	maniera	maniera	_	_	_	_	_	linguistic	_	ContainsVariation=No	_	_	_	_	_	_
192-8	PST211	192	8	più	più	_	_	_	_	_	linguistic	_	ContainsVariation=No	_	_	_	_	_	_
192-9	PST211	192	9	strutturata::	strutturata	_	_	_	_	_	linguistic	_	ContainsVariation=No	PauseAfter=Yes	_	10x2	_	_	_
192-10	PST211	192	10	(.)	(.)	_	_	_	_	_	shortpause	_	ContainsVariation=No	_	_	_	_	_	_
192-11	PST211	192	11	nei	nei	_	_	_	_	_	linguistic	_	ContainsVariation=No	_	_	_	_	_	_
192-12	PST211	192	12	i	i	_	_	_	_	_	linguistic	_	ContainsVariation=No	_	_	_	_	_	_
192-13	PST211	192	13	momenti	momenti	_	_	_	_	_	linguistic	_	ContainsVariation=No	_	_	_	_	_	_
192-14	PST211	192	14	più	più	_	_	_	_	_	linguistic	_	ContainsVariation=No	_	_	_	_	_	_
192-15	PST211	192	15	complessi	complessi	_	_	_	_	_	linguistic	_	ContainsVariation=No	_	_	_	_	_	_
192-16	PST211	192	16	da	da	_	_	_	_	_	linguistic	_	ContainsVariation=No	_	_	_	_	_	_
192-17	PST211	192	17	registrare	registrare	_	_	_	_	_	linguistic	_	ContainsVariation=No	_	_	_	_	_	_
192-18	PST211	192	18	per	per	_	_	_	_	_	linguistic	_	ContainsVariation=No	_	_	_	_	_	_
192-19	PST211	192	19	cui	cui	_	_	_	_	_	linguistic	_	ContainsVariation=No	_	_	_	_	_	_
192-20	PST211	192	20	magari	magari	_	_	_	_	_	linguistic	_	ContainsVariation=No	PauseAfter=Yes	_	_	_	_	_
192-21	PST211	192	21	(.)	(.)	_	_	_	_	_	shortpause	_	ContainsVariation=No	_	_	_	_	_	_
192-22	PST211	192	22	ci	ci	_	_	_	_	_	linguistic	_	ContainsVariation=No	_	_	_	_	_	_
192-23	PST211	192	23	vogliono	vogliono	_	_	_	_	_	linguistic	_	ContainsVariation=No	_	_	_	_	_	_
192-24	PST211	192	24	le	le	_	_	_	_	_	linguistic	_	ContainsVariation=No	_	_	_	_	_	_
192-25	PST211	192	25	nostre	nostre	_	_	_	_	_	linguistic	_	ContainsVariation=No	_	_	_	_	_	_
192-26	PST211	192	26	cose,	cose	_	_	_	_	_	linguistic	_	ContainsVariation=No	Intonation=WeaklyRising	End=540.827	_	_	_	_
193-0	PST211	193	0	allora	allora	_	_	_	_	_	linguistic	_	ContainsVariation=No	_	Begin=540.918	_	_	_	_
193-1	PST211	193	1	quelli	quelli	_	_	_	_	_	linguistic	_	ContainsVariation=No	_	_	_	_	_	_
193-2	PST211	193	2	li	li	_	_	_	_	_	linguistic	_	ContainsVariation=No	_	_	_	_	_	_
193-3	PST211	193	3	calendarizziamo	calendarizziamo	_	_	_	_	_	linguistic	_	ContainsVariation=No	_	_	_	_	_	_
193-4	PST211	193	4	insieme	insieme	_	_	_	_	_	linguistic	_	ContainsVariation=No	_	_	_	_	_	_
193-5	PST211	193	5	e	e	_	_	_	_	_	linguistic	_	ContainsVariation=No	_	_	_	_	_	_
193-6	PST211	193	6	fissiamo	fissiamo	_	_	_	_	_	linguistic	_	ContainsVariation=No	_	_	_	_	_	_
193-7	PST211	193	7	dei	dei	_	_	_	_	_	linguistic	_	ContainsVariation=No	_	_	_	_	_	_
193-8	PST211	193	8	momenti	momenti	_	_	_	_	_	linguistic	_	ContainsVariation=No	_	_	_	_	_	_
193-9	PST211	193	9	in	in	_	_	_	_	_	linguistic	_	ContainsVariation=No	_	_	_	_	_	_
193-10	PST211	193	10	cui	cui	_	_	_	_	_	linguistic	_	ContainsVariation=No	_	_	_	_	_	_
193-11	PST211	193	11	farli	farli	_	_	_	_	_	linguistic	_	ContainsVariation=No	_	End=545.281	_	_	_	_
194-0	PST211	194	0	no?	no	_	_	_	_	_	linguistic	_	ContainsVariation=No	Intonation=Rising	Begin=545.472|End=545.89	_	_	_	_
195-0	PST203	195	0	#yes:	yes	_	_	_	_	_	linguistic	_	ContainsVariation=Yes|Variety=Other|Language=NO_ISO_CODE	_	Begin=545.93	2x1	_	_	_
195-1	PST203	195	1	c(io)è	cioè	_	_	_	_	_	linguistic	_	ContainsVariation=Yes	Reduced=Yes	End=546.773	_	_	_	_
196-0	PST211	196	0	quindi	quindi	_	_	_	_	_	linguistic	_	ContainsVariation=No	_	Begin=546.782	_	_	_	_
196-1	PST211	196	1	queste	queste	_	_	_	_	_	linguistic	_	ContainsVariation=No	_	_	_	_	_	_
196-2	PST211	196	2	due	due	_	_	_	_	_	linguistic	_	ContainsVariation=No	_	_	_	_	_	_
196-3	PST211	196	3	cose	cose	_	_	_	_	_	linguistic	_	ContainsVariation=No	_	_	_	_	_	_
196-4	PST211	196	4	un	un	_	_	_	_	_	linguistic	_	ContainsVariation=No	_	_	_	_	_	_
196-5	PST211	196	5	po'	po'	_	_	_	_	_	linguistic	_	ContainsVariation=No	_	_	_	_	_	_
196-6	PST211	196	6	in	in	_	_	_	_	_	linguistic	_	ContainsVariation=No	_	_	_	_	_	_
196-7	PST211	196	7	autonomia	autonomia	_	_	_	_	_	linguistic	_	ContainsVariation=No	_	_	_	_	_	_
196-8	PST211	196	8	quello	quello	_	_	_	_	_	linguistic	_	ContainsVariation=No	_	_	_	_	_	_
196-9	PST211	196	9	che	che	_	_	_	_	_	linguistic	_	ContainsVariation=No	_	_	_	_	_	_
196-10	PST211	196	10	riuscite	riuscite	_	_	_	_	_	linguistic	_	ContainsVariation=No	_	_	_	_	_	_
196-11	PST211	196	11	a	a	_	_	_	_	_	linguistic	_	ContainsVariation=No	_	_	_	_	_	_
196-12	PST211	196	12	fare	fare	_	_	_	_	_	linguistic	_	ContainsVariation=No	_	_	_	_	_	_
196-13	PST211	196	13	fatelo,	fatelo	_	_	_	_	_	linguistic	_	ContainsVariation=No	Intonation=WeaklyRising	End=550.23	_	_	_	_
197-0	PST211	197	0	e	e	_	_	_	_	_	linguistic	_	ContainsVariation=No	_	Begin=550.618	_	_	_	_
197-1	PST211	197	1	invece	invece	_	_	_	_	_	linguistic	_	ContainsVariation=No	_	_	_	_	_	_
197-2	PST211	197	2	iniziate	iniziate	_	_	_	_	_	linguistic	_	ContainsVariation=No	_	_	_	_	_	_
197-3	PST211	197	3	a::	a	_	_	_	_	_	linguistic	_	ContainsVariation=No	_	End=551.96	0x2	_	_	_
198-0	PST211	198	0	farvi	farvi	_	_	_	_	_	linguistic	_	ContainsVariation=No	_	Begin=552.73	_	_	_	_
198-1	PST211	198	1	una	una	_	_	_	_	_	linguistic	_	ContainsVariation=No	_	_	_	_	_	_
198-2	PST211	198	2	scaletta	scaletta	_	_	_	_	_	linguistic	_	ContainsVariation=No	_	_	_	_	_	_
198-3	PST211	198	3	mentale	mentale	_	_	_	_	_	linguistic	_	ContainsVariation=No	_	_	_	_	_	_
198-4	PST211	198	4	di	di	_	_	_	_	_	linguistic	_	ContainsVariation=No	_	_	_	_	_	_
198-5	PST211	198	5	quando	quando	_	_	_	_	_	linguistic	_	ContainsVariation=No	_	_	_	_	_	_
198-6	PST211	198	6	si	si	_	_	_	_	_	linguistic	_	ContainsVariation=No	_	_	_	_	_	_
198-7	PST211	198	7	può	può	_	_	_	_	_	linguistic	_	ContainsVariation=No	_	_	_	_	_	_
198-8	PST211	198	8	fare	fare	_	_	_	_	_	linguistic	_	ContainsVariation=No	_	_	_	_	_	_
198-9	PST211	198	9	che	che	_	_	_	_	_	linguistic	_	ContainsVariation=No	_	_	_	_	_	_
198-10	PST211	198	10	cosa	cosa	_	_	_	_	_	linguistic	_	ContainsVariation=No	_	_	_	_	_	_
198-11	PST211	198	11	quindi::	quindi	_	_	_	_	_	linguistic	_	ContainsVariation=No	_	End=556.963	5x2	_	_	_
199-0	PST211	199	0	quando	quando	_	_	_	_	_	linguistic	_	ContainsVariation=No	_	Begin=557.145	_	_	_	_
199-1	PST211	199	1	inivitare	inivitare	_	_	_	_	_	linguistic	_	ContainsVariation=No	_	_	_	_	_	_
199-2	PST211	199	2	la	la	_	_	_	_	_	linguistic	_	ContainsVariation=No	_	_	_	_	_	_
199-3	PST211	199	3	mamma	mamma	_	_	_	_	_	linguistic	_	ContainsVariation=No	_	_	_	_	_	_
199-4	PST211	199	4	di:	di	_	_	_	_	_	linguistic	_	ContainsVariation=No	_	_	1x1	_	_	_
199-5	PST211	199	5	@anita	@anita	_	_	_	_	_	anonymized	_	ContainsVariation=No	PauseAfter=Yes|Anonymized=Yes	_	_	_	_	_
199-6	PST211	199	6	(.)	(.)	_	_	_	_	_	shortpause	_	ContainsVariation=No	_	_	_	_	_	_
199-7	PST211	199	7	quando::	quando	_	_	_	_	_	linguistic	_	ContainsVariation=No	_	_	5x2	_	_	_
199-8	PST211	199	8	m::h	mh	_	_	_	_	_	linguistic	_	ContainsVariation=No	_	_	0x2	_	_	_
199-9	PST211	199	9	lo	lo	_	_	_	_	_	linguistic	_	ContainsVariation=No	_	_	_	_	_	_
199-10	PST211	199	10	spettacolo	spettacolo	_	_	_	_	_	linguistic	_	ContainsVariation=No	_	_	_	_	_	_
199-11	PST211	199	11	quando	quando	_	_	_	_	_	linguistic	_	ContainsVariation=No	_	_	_	_	_	_
199-12	PST211	199	12	le	le	_	_	_	_	_	linguistic	_	ContainsVariation=No	_	_	_	_	_	_
199-13	PST211	199	13	uova	uova	_	_	_	_	_	linguistic	_	ContainsVariation=No	_	_	_	_	_	_
199-14	PST211	199	14	e	e	_	_	_	_	_	linguistic	_	ContainsVariation=No	_	_	_	_	_	_
199-15	PST211	199	15	cosi	cosi	_	_	_	_	_	linguistic	_	ContainsVariation=No	_	_	_	_	_	_
199-16	PST211	199	16	via	via	_	_	_	_	_	linguistic	_	ContainsVariation=No	_	End=564.045	_	_	_	_
200-0	PST203	200	0	per	per	_	_	_	_	_	linguistic	_	ContainsVariation=No	_	Begin=564.536	_	_	_	_
200-1	PST203	200	1	le	le	_	_	_	_	_	linguistic	_	ContainsVariation=No	_	_	_	_	_	_
200-2	PST203	200	2	interviste	interviste	_	_	_	_	_	linguistic	_	ContainsVariation=No	_	_	_	_	_	_
200-3	PST203	200	3	magari	magari	_	_	_	_	_	linguistic	_	ContainsVariation=No	_	_	_	_	_	_
200-4	PST203	200	4	veniamo	veniamo	_	_	_	_	_	linguistic	_	ContainsVariation=No	_	_	_	_	_	_
200-5	PST203	200	5	noi:,	noi	_	_	_	_	_	linguistic	_	ContainsVariation=No	Intonation=WeaklyRising	End=566.736	2x1	_	_	_
201-0	PST203	201	0	perché	perché	_	_	_	_	_	linguistic	_	ContainsVariation=No	_	Begin=567.082	_	_	_	_
201-1	PST203	201	1	anche	anche	_	_	_	_	_	linguistic	_	ContainsVariation=No	_	_	_	_	_	_
201-2	PST203	201	2	solo	solo	_	_	_	_	_	linguistic	_	ContainsVariation=No	_	_	_	_	_	_
201-3	PST203	201	3	per	per	_	_	_	_	_	linguistic	_	ContainsVariation=No	_	_	_	_	_	_
201-4	PST203	201	4	microfonare	microfonare	_	_	_	_	_	linguistic	_	ContainsVariation=No	_	_	_	_	_	_
201-5	PST203	201	5	la	la	_	_	_	_	_	linguistic	_	ContainsVariation=No	_	_	_	_	_	_
201-6	PST203	201	6	persona	persona	_	_	_	_	_	linguistic	_	ContainsVariation=No	_	_	_	_	_	_
201-7	PST203	201	7	magari	magari	_	_	_	_	_	linguistic	_	ContainsVariation=No	_	_	_	_	_	_
201-8	PST203	201	8	la	la	_	_	_	_	_	linguistic	_	ContainsVariation=No	_	_	_	_	_	_
201-9	PST203	201	9	microfoniamo	microfoniamo	_	_	_	_	_	linguistic	_	ContainsVariation=No	_	_	_	_	_	_
201-10	PST203	201	10	con:	con	_	_	_	_	_	linguistic	_	ContainsVariation=No	_	_	2x1	_	_	_
201-11	PST203	201	11	un	un	_	_	_	_	_	linguistic	_	ContainsVariation=No	_	_	_	_	_	_
201-12	PST203	201	12	microfonino	microfonino	_	_	_	_	_	linguistic	_	ContainsVariation=No	_	_	_	_	_	_
201-13	PST203	201	13	[un	un	_	_	_	_	_	linguistic	_	ContainsVariation=No	_	_	_	_	_	0-2(42)
201-14	PST203	201	14	po'::]	po'	_	_	_	_	_	linguistic	_	ContainsVariation=No	_	_	1x2	_	_	0-3(42)
201-15	PST203	201	15	un	un	_	_	_	_	_	linguistic	_	ContainsVariation=No	_	_	_	_	_	_
201-16	PST203	201	16	po'	po'	_	_	_	_	_	linguistic	_	ContainsVariation=No	_	_	_	_	_	_
201-17	PST203	201	17	bello	bello	_	_	_	_	_	linguistic	_	ContainsVariation=No	_	_	_	_	_	_
201-18	PST203	201	18	così	così	_	_	_	_	_	linguistic	_	ContainsVariation=No	_	_	_	_	_	_
201-19	PST203	201	19	viene	viene	_	_	_	_	_	linguistic	_	ContainsVariation=No	_	_	_	_	_	_
201-20	PST203	201	20	un	un	_	_	_	_	_	linguistic	_	ContainsVariation=No	_	_	_	_	_	_
201-21	PST203	201	21	audio:	audio	_	_	_	_	_	linguistic	_	ContainsVariation=No	_	End=575.263	4x1	_	_	_
202-0	PST211	202	0	[mhmh]	mhmh	_	_	_	_	_	linguistic	_	ContainsVariation=No	_	Begin=572.5|End=573.03	_	_	_	0-4(42)
203-0	PST211	203	0	sì	sì	_	_	_	_	_	linguistic	_	ContainsVariation=No	_	Begin=575.245	_	_	_	_
203-1	PST211	203	1	poi	poi	_	_	_	_	_	linguistic	_	ContainsVariation=No	_	_	_	_	_	_
203-2	PST211	203	2	magari	magari	_	_	_	_	_	linguistic	_	ContainsVariation=No	_	_	_	_	_	_
203-3	PST211	203	3	sull'	sull'	_	_	_	_	_	linguistic	_	ContainsVariation=No	SpaceAfter=No	_	_	_	_	_
203-4	PST211	203	4	intervista	intervista	_	_	_	_	_	linguistic	_	ContainsVariation=No	_	_	_	_	_	_
203-5	PST211	203	5	si	si	_	_	_	_	_	linguistic	_	ContainsVariation=No	_	_	_	_	_	_
203-6	PST211	203	6	può	può	_	_	_	_	_	linguistic	_	ContainsVariation=No	_	_	_	_	_	_
203-7	PST211	203	7	fare	fare	_	_	_	_	_	linguistic	_	ContainsVariation=No	_	_	_	_	_	_
203-8	PST211	203	8	un::	un	_	_	_	_	_	linguistic	_	ContainsVariation=No	_	_	1x2	_	_	_
203-9	PST211	203	9	m::h	mh	_	_	_	_	_	linguistic	_	ContainsVariation=No	_	End=578.354	0x2	_	_	_
204-0	PST211	204	0	una	una	_	_	_	_	_	linguistic	_	ContainsVariation=No	_	Begin=578.481	_	_	_	_
204-1	PST211	204	1	piccola	piccola	_	_	_	_	_	linguistic	_	ContainsVariation=No	_	_	_	_	_	_
204-2	PST211	204	2	ri[flessione]	riflessione	_	_	_	_	_	linguistic	_	ContainsVariation=No	_	_	_	_	_	2-11(44)
204-3	PST211	204	3	prima	prima	_	_	_	_	_	linguistic	_	ContainsVariation=No	_	_	_	_	_	_
204-4	PST211	204	4	cioè	cioè	_	_	_	_	_	linguistic	_	ContainsVariation=No	_	_	_	_	_	_
204-5	PST211	204	5	nel	nel	_	_	_	_	_	linguistic	_	ContainsVariation=No	_	_	_	_	_	_
204-6	PST211	204	6	senso	senso	_	_	_	_	_	linguistic	_	ContainsVariation=No	_	_	_	_	_	_
204-7	PST211	204	7	che	che	_	_	_	_	_	linguistic	_	ContainsVariation=No	_	_	_	_	_	_
204-8	PST211	204	8	vi	vi	_	_	_	_	_	linguistic	_	ContainsVariation=No	_	_	_	_	_	_
204-9	PST211	204	9	[preparate]	preparate	_	_	_	_	_	linguistic	_	ContainsVariation=No	_	_	_	_	_	0-9(45)
204-10	PST211	204	10	qualche	qualche	_	_	_	_	_	linguistic	_	ContainsVariation=No	_	_	_	_	_	_
204-11	PST211	204	11	domanda	domanda	_	_	_	_	_	linguistic	_	ContainsVariation=No	_	_	_	_	_	_
204-12	PST211	204	12	poi	poi	_	_	_	_	_	linguistic	_	ContainsVariation=No	_	_	_	_	_	_
204-13	PST211	204	13	ovvio	ovvio	_	_	_	_	_	linguistic	_	ContainsVariation=No	_	_	_	_	_	_
204-14	PST211	204	14	che	che	_	_	_	_	_	linguistic	_	ContainsVariation=No	_	_	_	_	_	_
204-15	PST211	204	15	@ecaterina	@ecaterina	_	_	_	_	_	anonymized	_	ContainsVariation=No	Anonymized=Yes	_	_	_	_	_
204-16	PST211	204	16	la	la	_	_	_	_	_	linguistic	_	ContainsVariation=No	_	_	_	_	_	_
204-17	PST211	204	17	conoscete	conoscete	_	_	_	_	_	linguistic	_	ContainsVariation=No	_	_	_	_	_	_
204-18	PST211	204	18	bene	bene	_	_	_	_	_	linguistic	_	ContainsVariation=No	_	_	_	_	_	_
204-19	PST211	204	19	quindi	quindi	_	_	_	_	_	linguistic	_	ContainsVariation=No	_	_	_	_	_	_
204-20	PST211	204	20	non	non	_	_	_	_	_	linguistic	_	ContainsVariation=No	_	_	_	_	_	_
204-21	PST211	204	21	è	è	_	_	_	_	_	linguistic	_	ContainsVariation=No	_	_	_	_	_	_
204-22	PST211	204	22	che	che	_	_	_	_	_	linguistic	_	ContainsVariation=No	_	_	_	_	_	_
204-23	PST211	204	23	dovete::	dovete	_	_	_	_	_	linguistic	_	ContainsVariation=No	_	End=585.4	5x2	_	_	_
205-0	PST203	205	0	[eh]	eh	_	_	_	_	_	linguistic	_	ContainsVariation=No	_	Begin=579.18|End=579.49	_	_	_	0-2(44)
206-0	PST203	206	0	[esatto]	esatto	_	_	_	_	_	linguistic	_	ContainsVariation=No	_	Begin=580.65|End=581.08	_	_	_	0-6(45)
207-0	PST083	207	0	(in	in	_	_	_	_	_	linguistic	_	ContainsVariation=No	_	Begin=585.418	_	_	0-2(0)	_
207-1	PST083	207	1	modo)	modo	_	_	_	_	_	linguistic	_	ContainsVariation=No	_	_	_	_	0-4(0)	_
207-2	PST083	207	2	[che]	che	_	_	_	_	_	linguistic	_	ContainsVariation=No	_	_	_	_	_	0-3(47)
207-3	PST083	207	3	sia	sia	_	_	_	_	_	linguistic	_	ContainsVariation=No	_	_	_	_	_	_
207-4	PST083	207	4	comunque	comunque	_	_	_	_	_	linguistic	_	ContainsVariation=No	_	_	_	_	_	_
207-5	PST083	207	5	una	una	_	_	_	_	_	linguistic	_	ContainsVariation=No	_	_	_	_	_	_
207-6	PST083	207	6	cosa	cosa	_	_	_	_	_	linguistic	_	ContainsVariation=No	PauseAfter=Yes	_	_	_	_	_
207-7	PST083	207	7	(.)	(.)	_	_	_	_	_	shortpause	_	ContainsVariation=No	_	_	_	_	_	_
207-8	PST083	207	8	naturale	naturale	_	_	_	_	_	linguistic	_	ContainsVariation=No	_	_	_	_	_	_
207-9	PST083	207	9	[però	però	_	_	_	_	_	linguistic	_	ContainsVariation=No	_	_	_	_	_	0-4(56)
207-10	PST083	207	10	comunque	comunque	_	_	_	_	_	linguistic	_	ContainsVariation=No	_	_	_	_	_	0-8(56)
207-11	PST083	207	11	un	un	_	_	_	_	_	linguistic	_	ContainsVariation=No	_	_	_	_	_	0-2(56)
207-12	PST083	207	12	po'	po'	_	_	_	_	_	linguistic	_	ContainsVariation=No	_	_	_	_	_	0-3(56)
207-13	PST083	207	13	xxx]	xxx	_	_	_	_	_	unknown	_	ContainsVariation=No	Syllables=3	End=589.218	_	_	_	0-3(56)
208-0	PST211	208	0	[però]	però	_	_	_	_	_	linguistic	_	ContainsVariation=No	_	Begin=585.63|End=585.968	_	_	_	0-4(46)
209-0	PST211	209	0	[esatto]	esatto	_	_	_	_	_	linguistic	_	ContainsVariation=No	_	Begin=587.763|End=588.354	_	_	_	0-6(47)
210-0	PST211	210	0	[brava]	brava	_	_	_	_	_	linguistic	_	ContainsVariation=No	_	Begin=588.66|End=589.17	_	_	_	0-5(56)
211-0	PST203	211	0	[esatto]	esatto	_	_	_	_	_	linguistic	_	ContainsVariation=No	_	Begin=588.66|End=589.17	_	_	_	0-6(56)
212-0	PST211	212	0	[esatto]	esatto	_	_	_	_	_	linguistic	_	ContainsVariation=No	_	Begin=589.191|End=589.682	_	_	_	0-6(57)
213-0	PST203	213	0	[magari]	magari	_	_	_	_	_	linguistic	_	ContainsVariation=No	_	Begin=589.191	_	_	_	0-6(57)
213-1	PST203	213	1	vi	vi	_	_	_	_	_	linguistic	_	ContainsVariation=No	_	_	_	_	_	_
213-2	PST203	213	2	aiutiamo	aiutiamo	_	_	_	_	_	linguistic	_	ContainsVariation=No	_	_	_	_	_	_
213-3	PST203	213	3	[noi	noi	_	_	_	_	_	linguistic	_	ContainsVariation=No	_	_	_	_	_	0-3(48)
213-4	PST203	213	4	a]	a	_	_	_	_	_	linguistic	_	ContainsVariation=No	_	End=590.977	_	_	_	0-1(48)
214-0	PST211	214	0	[così]	così	_	_	_	_	_	linguistic	_	ContainsVariation=No	_	Begin=590.591|End=590.982	_	_	_	0-4(48)
215-0	PST203	215	0	a	a	_	_	_	_	_	linguistic	_	ContainsVariation=No	_	Begin=591.027	_	_	_	_
215-1	PST203	215	1	scriverla	scriverla	_	_	_	_	_	linguistic	_	ContainsVariation=No	_	_	_	_	_	_
215-2	PST203	215	2	l'	l'	_	_	_	_	_	linguistic	_	ContainsVariation=No	SpaceAfter=No	_	_	_	_	_
215-3	PST203	215	3	intervista	intervista	_	_	_	_	_	linguistic	_	ContainsVariation=No	_	_	_	_	_	_
215-4	PST203	215	4	[poi]	poi	_	_	_	_	_	linguistic	_	ContainsVariation=No	_	End=592.8	_	_	_	0-3(49)
216-0	PST211	216	0	[esatto]	esatto	_	_	_	_	_	linguistic	_	ContainsVariation=No	_	Begin=592.363|End=592.799	_	_	_	0-6(49)
217-0	PST211	217	0	poi	poi	_	_	_	_	_	linguistic	_	ContainsVariation=No	_	Begin=592.836	_	_	_	_
217-1	PST211	217	1	la	la	_	_	_	_	_	linguistic	_	ContainsVariation=No	_	_	_	_	_	_
217-2	PST211	217	2	conversazione	conversazione	_	_	_	_	_	linguistic	_	ContainsVariation=No	_	_	_	_	_	_
217-3	PST211	217	3	va	va	_	_	_	_	_	linguistic	_	ContainsVariation=No	_	End=594.39	_	_	_	_
218-0	PST211	218	0	però	però	_	_	_	_	_	linguistic	_	ContainsVariation=No	_	Begin=594.435	_	_	_	_
218-1	PST211	218	1	almeno	almeno	_	_	_	_	_	linguistic	_	ContainsVariation=No	_	_	_	_	_	_
218-2	PST211	218	2	avere	avere	_	_	_	_	_	linguistic	_	ContainsVariation=No	_	_	_	_	_	_
218-3	PST211	218	3	un'	un'	_	_	_	_	_	linguistic	_	ContainsVariation=No	SpaceAfter=No	_	_	_	_	_
218-4	PST211	218	4	idea:	idea	_	_	_	_	_	linguistic	_	ContainsVariation=No	_	_	3x1	_	_	_
218-5	PST211	218	5	di	di	_	_	_	_	_	linguistic	_	ContainsVariation=No	_	_	_	_	_	_
218-6	PST211	218	6	quello	quello	_	_	_	_	_	linguistic	_	ContainsVariation=No	_	_	_	_	_	_
218-7	PST211	218	7	che::	che	_	_	_	_	_	linguistic	_	ContainsVariation=No	_	_	2x2	_	_	_
218-8	PST211	218	8	si	si	_	_	_	_	_	linguistic	_	ContainsVariation=No	_	_	_	_	_	_
218-9	PST211	218	9	vuole:	vuole	_	_	_	_	_	linguistic	_	ContainsVariation=No	_	_	4x1	_	_	_
218-10	PST211	218	10	chiedere	chiedere	_	_	_	_	_	linguistic	_	ContainsVariation=No	_	End=598.472	_	_	_	_
219-0	PST203	219	0	ricordatevi	ricordatevi	_	_	_	_	_	linguistic	_	ContainsVariation=No	_	Begin=600.88	_	_	_	_
219-1	PST203	219	1	sempre	sempre	_	_	_	_	_	linguistic	_	ContainsVariation=No	_	_	_	_	_	_
219-2	PST203	219	2	voi	voi	_	_	_	_	_	linguistic	_	ContainsVariation=No	_	_	_	_	_	_
219-3	PST203	219	3	nella	nella	_	_	_	_	_	linguistic	_	ContainsVariation=No	_	_	_	_	_	_
219-4	PST203	219	4	vostra	vostra	_	_	_	_	_	linguistic	_	ContainsVariation=No	_	_	_	_	_	_
219-5	PST203	219	5	testa	testa	_	_	_	_	_	linguistic	_	ContainsVariation=No	_	_	_	_	_	_
219-6	PST203	219	6	la	la	_	_	_	_	_	linguistic	_	ContainsVariation=No	_	_	_	_	_	_
219-7	PST203	219	7	state	state	_	_	_	_	_	linguistic	_	ContainsVariation=No	_	_	_	_	_	_
219-8	PST203	219	8	vedendo	vedendo	_	_	_	_	_	linguistic	_	ContainsVariation=No	_	_	_	_	_	_
219-9	PST203	219	9	in	in	_	_	_	_	_	linguistic	_	ContainsVariation=No	_	_	_	_	_	_
219-10	PST203	219	10	un	un	_	_	_	_	_	linguistic	_	ContainsVariation=No	_	_	_	_	_	_
219-11	PST203	219	11	modo	modo	_	_	_	_	_	linguistic	_	ContainsVariation=No	_	End=604.345	_	_	_	_
220-0	PST203	220	0	la	la	_	_	_	_	_	linguistic	_	ContainsVariation=No	_	Begin=604.527	_	_	_	_
220-1	PST203	220	1	scena,	scena	_	_	_	_	_	linguistic	_	ContainsVariation=No	Intonation=WeaklyRising	End=605.436	_	_	_	_
221-0	PST203	221	0	dopo	dopo	_	_	_	_	_	linguistic	_	ContainsVariation=No	_	Begin=605.59	_	_	_	_
221-1	PST203	221	1	che	che	_	_	_	_	_	linguistic	_	ContainsVariation=No	_	_	_	_	_	_
221-2	PST203	221	2	la	la	_	_	_	_	_	linguistic	_	ContainsVariation=No	_	_	_	_	_	_
221-3	PST203	221	3	girate	girate	_	_	_	_	_	linguistic	_	ContainsVariation=No	_	_	_	_	_	_
221-4	PST203	221	4	sarà	sarà	_	_	_	_	_	linguistic	_	ContainsVariation=No	_	_	_	_	_	_
221-5	PST203	221	5	un	un	_	_	_	_	_	linguistic	_	ContainsVariation=No	_	_	_	_	_	_
221-6	PST203	221	6	po'	po'	_	_	_	_	_	linguistic	_	ContainsVariation=No	_	_	_	_	_	_
221-7	PST203	221	7	diversa	diversa	_	_	_	_	_	linguistic	_	ContainsVariation=No	_	_	_	_	_	_
221-8	PST203	221	8	e	e	_	_	_	_	_	linguistic	_	ContainsVariation=No	_	_	_	_	_	_
221-9	PST203	221	9	[questo	questo	_	_	_	_	_	linguistic	_	ContainsVariation=No	_	_	_	_	_	0-6(50)
221-10	PST203	221	10	cambierà	cambierà	_	_	_	_	_	linguistic	_	ContainsVariation=No	_	_	_	_	_	0-8(50)
221-11	PST203	221	11	le	le	_	_	_	_	_	linguistic	_	ContainsVariation=No	_	_	_	_	_	0-2(50)
221-12	PST203	221	12	carte	carte	_	_	_	_	_	linguistic	_	ContainsVariation=No	_	_	_	_	_	0-5(50)
221-13	PST203	221	13	in	in	_	_	_	_	_	linguistic	_	ContainsVariation=No	_	_	_	_	_	0-2(50)
221-14	PST203	221	14	tavola]	tavola	_	_	_	_	_	linguistic	_	ContainsVariation=No	_	End=609.94	_	_	_	0-6(50)
222-0	PST087	222	0	[finisci	finisci	_	_	_	_	_	linguistic	_	ContainsVariation=No	_	Begin=608.081	_	_	_	0-7(50)
222-1	PST087	222	1	di	di	_	_	_	_	_	linguistic	_	ContainsVariation=No	_	_	_	_	_	0-2(50)
222-2	PST087	222	2	completarla	completarla	_	_	_	_	_	linguistic	_	ContainsVariation=No	_	_	_	_	_	0-11(50)
222-3	PST087	222	3	((ride))]	((ride))	_	_	_	_	_	nonverbalbehavior	_	ContainsVariation=No	_	End=609.94	_	_	_	X(50)
223-0	PST087	223	0	qui	qui	_	_	_	_	_	linguistic	_	ContainsVariation=No	_	Begin=612.009	_	_	_	_
223-1	PST087	223	1	ho	ho	_	_	_	_	_	linguistic	_	ContainsVariation=No	_	_	_	_	_	_
223-2	PST087	223	2	messo	messo	_	_	_	_	_	linguistic	_	ContainsVariation=No	_	_	_	_	_	_
223-3	PST087	223	3	una	una	_	_	_	_	_	linguistic	_	ContainsVariation=No	_	_	_	_	_	_
223-4	PST087	223	4	delle	delle	_	_	_	_	_	linguistic	_	ContainsVariation=No	_	_	_	_	_	_
223-5	PST087	223	5	due	due	_	_	_	_	_	linguistic	_	ContainsVariation=No	_	_	_	_	_	_
223-6	PST087	223	6	[opzioni	opzioni	_	_	_	_	_	linguistic	_	ContainsVariation=No	PauseAfter=Yes	_	_	_	_	0-7(51)
223-7	PST087	223	7	(.)	(.)	_	_	_	_	_	shortpause	_	ContainsVariation=No	_	_	_	_	_	X(51)
223-8	PST087	223	8	perché	perché	_	_	_	_	_	linguistic	_	ContainsVariation=No	_	_	_	_	_	0-6(51)
223-9	PST087	223	9	o::]	o	_	_	_	_	_	linguistic	_	ContainsVariation=No	_	End=615.236	0x2	_	_	0-1(51)
224-0	PST203	224	0	[però	però	_	_	_	_	_	linguistic	_	ContainsVariation=No	_	Begin=613.199	_	_	_	0-4(51)
224-1	PST203	224	1	per	per	_	_	_	_	_	linguistic	_	ContainsVariation=No	_	_	_	_	_	0-3(51)
224-2	PST203	224	2	adesso	adesso	_	_	_	_	_	linguistic	_	ContainsVariation=No	_	_	_	_	_	0-6(51)
224-3	PST203	224	3	non	non	_	_	_	_	_	linguistic	_	ContainsVariation=No	_	_	_	_	_	0-3(51)
224-4	PST203	224	4	ci	ci	_	_	_	_	_	linguistic	_	ContainsVariation=No	_	_	_	_	_	0-2(51)
224-5	PST203	224	5	pensiamo~	pensiamo~	_	_	_	_	_	linguistic	_	ContainsVariation=No	Interrupted=Yes	_	_	_	_	0-9(51)
224-6	PST203	224	6	adesso	adesso	_	_	_	_	_	linguistic	_	ContainsVariation=No	_	_	_	_	_	0-6(51)
224-7	PST203	224	7	dovete]	dovete	_	_	_	_	_	linguistic	_	ContainsVariation=No	_	End=615.235	_	_	_	0-6(51)
225-0	PST203	225	0	rompere	rompere	_	_	_	_	_	linguistic	_	ContainsVariation=No	_	Begin=615.427	_	_	_	_
225-1	PST203	225	1	un	un	_	_	_	_	_	linguistic	_	ContainsVariation=No	_	_	_	_	_	_
225-2	PST203	225	2	po'	po'	_	_	_	_	_	linguistic	_	ContainsVariation=No	_	_	_	_	_	_
225-3	PST203	225	3	il	il	_	_	_	_	_	linguistic	_	ContainsVariation=No	_	_	_	_	_	_
225-4	PST203	225	4	fi[ato	fiato	_	_	_	_	_	linguistic	_	ContainsVariation=No	_	_	_	_	_	2-5(?)
225-5	PST203	225	5	e	e	_	_	_	_	_	linguistic	_	ContainsVariation=No	_	_	_	_	_	0-1(?)
225-6	PST203	225	6	iniziare	iniziare	_	_	_	_	_	linguistic	_	ContainsVariation=No	_	_	_	_	_	0-8(?)
225-7	PST203	225	7	a	a	_	_	_	_	_	linguistic	_	ContainsVariation=No	_	_	_	_	_	0-1(?)
225-8	PST203	225	8	far]e	fare	_	_	_	_	_	linguistic	_	ContainsVariation=No	_	_	_	_	_	0-3(?)
225-9	PST203	225	9	le	le	_	_	_	_	_	linguistic	_	ContainsVariation=No	_	_	_	_	_	_
225-10	PST203	225	10	cose	cose	_	_	_	_	_	linguistic	_	ContainsVariation=No	_	End=618.709	_	_	_	_
226-0	PST087	226	0	[a	a	_	_	_	_	_	linguistic	_	ContainsVariation=No	_	Begin=616.79	_	_	_	0-1(52)
226-1	PST087	226	1	posto]?	posto	_	_	_	_	_	linguistic	_	ContainsVariation=No	Intonation=Rising	End=617.49	_	_	_	0-5(52)
227-0	PST092	227	0	[mhmh]	mhmh	_	_	_	_	_	linguistic	_	ContainsVariation=No	_	Begin=617.49|End=617.89	_	_	_	0-4(53)
228-0	PST203	228	0	va	va	_	_	_	_	_	linguistic	_	ContainsVariation=No	_	Begin=619.381	_	_	_	_
228-1	PST203	228	1	bene?	bene	_	_	_	_	_	linguistic	_	ContainsVariation=No	Intonation=Rising	End=619.945	_	_	_	_
229-0	PST083	229	0	sì	sì	_	_	_	_	_	linguistic	_	ContainsVariation=No	_	Begin=619.945|End=620.281	_	_	_	_
230-0	PST203	230	0	@noemi	@noemi	_	_	_	_	_	anonymized	_	ContainsVariation=No	Anonymized=Yes	Begin=620.599	_	_	_	_
230-1	PST203	230	1	va	va	_	_	_	_	_	linguistic	_	ContainsVariation=No	_	_	_	_	_	_
230-2	PST203	230	2	bene	bene	_	_	_	_	_	linguistic	_	ContainsVariation=No	_	_	_	_	_	_
230-3	PST203	230	3	sei	sei	_	_	_	_	_	linguistic	_	ContainsVariation=No	_	_	_	_	_	_
230-4	PST203	230	4	con	con	_	_	_	_	_	linguistic	_	ContainsVariation=No	_	_	_	_	_	_
230-5	PST203	230	5	noi?	noi	_	_	_	_	_	linguistic	_	ContainsVariation=No	Intonation=Rising	End=622.063	_	_	_	_
231-0	PST087	231	0	xxx	xxx	_	_	_	_	_	unknown	_	ContainsVariation=No	Syllables=3	Begin=624.445	_	_	_	_
231-1	PST087	231	1	faccio	faccio	_	_	_	_	_	linguistic	_	ContainsVariation=No	_	_	_	_	_	_
231-2	PST087	231	2	le	le	_	_	_	_	_	linguistic	_	ContainsVariation=No	_	_	_	_	_	_
231-3	PST087	231	3	stesse	stesse	_	_	_	_	_	linguistic	_	ContainsVariation=No	_	_	_	_	_	_
231-4	PST087	231	4	cose	cose	_	_	_	_	_	linguistic	_	ContainsVariation=No	_	_	_	_	_	_
231-5	PST087	231	5	((ride))	((ride))	_	_	_	_	_	nonverbalbehavior	_	ContainsVariation=No	_	End=627.627	_	_	_	_
232-0	PST203	232	0	okay	okay	_	_	_	_	_	linguistic	_	ContainsVariation=No	_	Begin=632.427	_	_	_	_
232-1	PST203	232	1	beh	beh	_	_	_	_	_	linguistic	_	ContainsVariation=No	_	_	_	_	_	_
232-2	PST203	232	2	direi	direi	_	_	_	_	_	linguistic	_	ContainsVariation=No	_	_	_	_	_	_
232-3	PST203	232	3	che	che	_	_	_	_	_	linguistic	_	ContainsVariation=No	_	_	_	_	_	_
232-4	PST203	232	4	è	è	_	_	_	_	_	linguistic	_	ContainsVariation=No	_	_	_	_	_	_
232-5	PST203	232	5	andata	andata	_	_	_	_	_	linguistic	_	ContainsVariation=No	_	_	_	_	_	_
232-6	PST203	232	6	bene,	bene	_	_	_	_	_	linguistic	_	ContainsVariation=No	Intonation=WeaklyRising	End=634.373	_	_	_	_
233-0	PST203	233	0	brave	brave	_	_	_	_	_	linguistic	_	ContainsVariation=No	_	Begin=634.545	_	_	_	_
233-1	PST203	233	1	tutte	tutte	_	_	_	_	_	linguistic	_	ContainsVariation=No	_	_	_	_	_	_
233-2	PST203	233	2	eh::m::	ehm	_	_	_	_	_	linguistic	_	ContainsVariation=No	_	_	1x2,2x2	_	_	_
233-3	PST203	233	3	domande	domande	_	_	_	_	_	linguistic	_	ContainsVariation=No	_	_	_	_	_	_
233-4	PST203	233	4	dubbi?	dubbi	_	_	_	_	_	linguistic	_	ContainsVariation=No	Intonation=Rising	End=638.299	_	_	_	_
234-0	PST203	234	0	@edoardo	@edoardo	_	_	_	_	_	anonymized	_	ContainsVariation=No	Anonymized=Yes	Begin=640.582	_	_	_	_
234-1	PST203	234	1	direi	direi	_	_	_	_	_	linguistic	_	ContainsVariation=No	_	_	_	_	_	_
234-2	PST203	234	2	che::	che	_	_	_	_	_	linguistic	_	ContainsVariation=No	_	_	2x2	_	_	_
234-3	PST203	234	3	ci	ci	_	_	_	_	_	linguistic	_	ContainsVariation=No	_	_	_	_	_	_
234-4	PST203	234	4	sei	sei	_	_	_	_	_	linguistic	_	ContainsVariation=No	_	_	_	_	_	_
234-5	PST203	234	5	tu	tu	_	_	_	_	_	linguistic	_	ContainsVariation=No	_	End=643.06	_	_	_	_
